contract_address,chain,protocol,method_id,method,avg_non_null_user_balance,absolute_executions,%,cum %
0xd5ff53f48f14e9409b581e41a4cddfe0e97dc724,avax,,0x64617461,,526.7767568,32520,16.74%,16.74%
0x0a88bc5c32b684d467b43c06d9e0899efeaf59df,arb,,0x64617461,,51197.5222,24741,12.74%,29.48%
0x3fc91a3afd70395cd496c647d5a6cc9d4b2b7fad,eth,,0x3593564c,,124644.1035,5669,2.92%,32.40%
0xcec194faf347ada0ef95b943ac86504e899873af,avax,,0x64617461,,38.86,5598,2.88%,35.28%
0xdac17f958d2ee523a2206206994597c13d831ec7,eth,,0xa9059cbb,,327993.684,4347,2.24%,37.52%
0x5d775caa7a0a56cd2d56a480b0f92e3900fe9722,eth,,0x21ea0c37,,36466.64,3231,1.66%,39.18%
0x3fc91a3afd70395cd496c647d5a6cc9d4b2b7fad,base,,0x3593564c,,124644.1035,2188,1.13%,40.31%
0xaf88d065e77c8cc2239327c5edb3a432268e5831,arb,,0x095ea7b3,,311763.306,1302,0.67%,40.98%
0xa0b86991c6218b36c1d19d4a2e9eb0ce3606eb48,eth,,0xa9059cbb,,549954.587,1228,0.63%,41.61%
0xb6b7f69411294ffea25a44610c0f22c3544d5d69,bsc,,0x21ea0c37,,36466.64,1165,0.60%,42.21%
0xa0b86991c6218b36c1d19d4a2e9eb0ce3606eb48,eth,,0x095ea7b3,,349707.2248,1044,0.54%,42.75%
0xa80eede0d0518777201b52ac9fe484c296998549,eth,,0x4d474898,,435912.52,977,0.50%,43.25%
0x90c8e0f9441b6045b99c9f90aa4812f6ff26bbb1,eth,,0x21ea0c37,,36466.64,952,0.49%,43.74%
0x084eff3d20b648e81c7c99cc09b19055c3ebae03,op,,0x608d60eb,,1362627.95,916,0.47%,44.22%
0x0000000000a39bb272e79075ade125fd351887ac,eth,,0xd0e30db0,,77304.22881,911,0.47%,44.69%
0xb2ecfe4e4d61f8790bbb9de2d1259b9e2410cea5,eth,,0xda815cb5,,82002.70662,827,0.43%,45.11%
0xc02aaa39b223fe8d0a0e5c4f27ead9083c756cc2,eth,,0xd0e30db0,,459763.0515,797,0.41%,45.52%
0xff970a61a04b1ca14834a43f5de4533ebddb5cc8,arb,,0x095ea7b3,,221239.3192,758,0.39%,45.91%
0x13f4ea83d0bd40e75c8222255bc855a974568dd4,bsc,,0x5ae401dc,,127152.331,753,0.39%,46.30%
0x1111111254eeb25477b68fb85ed929f73a960582,eth,,0xe449022e,,427128.3733,746,0.38%,46.68%
0x1111111254eeb25477b68fb85ed929f73a960582,eth,,0x12aa3caf,,422381.7508,719,0.37%,47.05%
0xbaf9c8ce65ffdf20019d5bfe980de8bc905db44e,eth,,0x21ea0c37,,36466.64,713,0.37%,47.42%
0xaf88d065e77c8cc2239327c5edb3a432268e5831,arb,,0xa9059cbb,,173411.237,683,0.35%,47.77%
0x5155704bb41fde152ad3e1ae402e8e8b9ba335d3,zksync,,0xa2a9539c,,57462.1606,666,0.34%,48.12%
0xc02aaa39b223fe8d0a0e5c4f27ead9083c756cc2,eth,,0x095ea7b3,,353046.3749,644,0.33%,48.45%
0x95ad61b0a150d79219dcf64e1e6cc01f0b64c4ce,eth,,0xa9059cbb,,5978287.007,621,0.32%,48.77%
0xe73d53e3a982ab2750a0b76f9012e18b256cc243,eth,,0x1249c58b,,273340.7433,577,0.30%,49.06%
0xdac17f958d2ee523a2206206994597c13d831ec7,eth,,0x095ea7b3,,405963.5755,563,0.29%,49.35%
0x1111111254eeb25477b68fb85ed929f73a960582,arb,,0x12aa3caf,,422381.7508,562,0.29%,49.64%
0xfd086bc7cd5c481dcc9c85ebe478a1c0b69fcbb9,arb,,0x095ea7b3,,244300.5226,557,0.29%,49.93%
0x0000000000a39bb272e79075ade125fd351887ac,eth,,0x2e1a7d4d,,148712.9916,534,0.27%,50.20%
0xec8b0f7ffe3ae75d7ffab09429e3675bb63503e4,base,,0x3593564c,,198927.9587,520,0.27%,50.47%
0x833589fcd6edb6e08f4c7c32d4f71b54bda02913,base,,0x095ea7b3,,569262.5064,505,0.26%,50.73%
0x9b5def958d0f3b6955cbea4d5b7809b2fb26b059,zksync,,0xd7570e45,,182417.7456,499,0.26%,50.99%
0xdef171fe48cf0115b1d80b88dc8eab59176fee57,arb,,0x54e3f31b,,429035.86,477,0.25%,51.23%
0x55d398326f99059ff775485246999027b3197955,bsc,,0x095ea7b3,,218495.7383,469,0.24%,51.48%
0x3355df6d4c9c3035724fd0e3914de96a5a83aaf4,zksync,,0x095ea7b3,,332943.9985,467,0.24%,51.72%
0x82af49447d8a07e3bd95bd0d56f35241523fbab1,arb,,0x095ea7b3,,565121.8891,450,0.23%,51.95%
0xc02aaa39b223fe8d0a0e5c4f27ead9083c756cc2,eth,,0x2e1a7d4d,,445000.4726,435,0.22%,52.17%
0x1111111254eeb25477b68fb85ed929f73a960582,eth,,0x0502b1c5,,506643.8184,427,0.22%,52.39%
0xcf77a3ba9a5ca399b7c97c74d54e5b1beb874e43,base,,0xcac88ea9,,713919.1083,418,0.22%,52.61%
0x5e325eda8064b456f4781070c0738d849c824258,arb,,0x3593564c,,143050.974,411,0.21%,52.82%
0x19ceead7105607cd444f5ad10dd51356436095a1,base,,0x83bd37f9,,1348219.616,410,0.21%,53.03%
0xf5e67261cb357edb6c7719fefafaab280cb5e2a6,zksync,,0xd3115a8a,,1149519.425,398,0.20%,53.24%
0x1111111254eeb25477b68fb85ed929f73a960582,arb,,0xe449022e,,427128.3733,391,0.20%,53.44%
0x01783cbc4e3b7579ca2b2692774f3eace0f611ee,base,,0x21ea0c37,,36466.64,386,0.20%,53.64%
0x0f3284bfebc5f55b849c8cf792d39cc0f729e0bc,matic,,0x2c29f64e,,48841.355,379,0.20%,53.83%
0x55d398326f99059ff775485246999027b3197955,bsc,,0xa9059cbb,,120756.4663,378,0.19%,54.03%
0x6131b5fae19ea4f9d964eac0408e4408b66337b5,base,,0xe21fd0e9,,443918.0147,370,0.19%,54.22%
0xfd086bc7cd5c481dcc9c85ebe478a1c0b69fcbb9,arb,,0xa9059cbb,,212260.6126,358,0.18%,54.40%
0xa669e7a0d4b3e4fa48af2de86bd4cd7126be4e13,arb,,0x83bd37f9,,1077133.31,350,0.18%,54.58%
0x754e78bc0f7b487d304552810a5254497084970c,matic,,0x0c01a2fd,,30876.5182,349,0.18%,54.76%
0xb2ecfe4e4d61f8790bbb9de2d1259b9e2410cea5,eth,,0x7034d120,,214776.6072,349,0.18%,54.94%
0xde342a3e269056fc3305f9e315f4c40d917ba521,eth,,0xa9059cbb,,3404573,340,0.18%,55.11%
0x912ce59144191c1204e64559fe8253a0e49e6548,arb,,0x095ea7b3,,571285.551,325,0.17%,55.28%
0x00000f312c54d0dd25888ee9cdc3dee988700000,eth,,0x065573f8,,36466.64,306,0.16%,55.44%
0xdef1c0ded9bec7f1a1670819833240f027b25eff,eth,,0xd9627aa4,,764420.921,303,0.16%,55.60%
0x6131b5fae19ea4f9d964eac0408e4408b66337b5,arb,,0xe21fd0e9,,443918.0147,303,0.16%,55.75%
0xec8b0f7ffe3ae75d7ffab09429e3675bb63503e4,arb,,0x3593564c,,198927.9587,302,0.16%,55.91%
0xc36442b4a4522e871399cd717abdd847ab11fe88,eth,,0xac9650d8,,759350.3679,301,0.15%,56.06%
0xd9aaec86b65d86f6a7b5b1b0c42ffa531710b6ca,base,,0x095ea7b3,,322831.0076,301,0.15%,56.22%
0x7f5c764cbc14f9669b88837ca1490cca17c31607,op,,0x095ea7b3,,314635.8401,300,0.15%,56.37%
0x6131b5fae19ea4f9d964eac0408e4408b66337b5,eth,,0xe21fd0e9,,443918.0147,296,0.15%,56.52%
0xc5cb997016c9a3ac91cbe306e59b048a812c056f,linea,,0xa2a9539c,,66004.61545,292,0.15%,56.67%
0x9d4736ec60715e71afe72973f7885dcbc21ea99b,op,,0x379607f5,,1585671.041,290,0.15%,56.82%
0x0988121b264b3aa2072072176f491f66232362cb,matic,,0x21ea0c37,,36466.64,288,0.15%,56.97%
0x7c68c7866a64fa2160f78eeae12217ffbf871fa8,arb,,0xac9650d8,,836185.8933,283,0.15%,57.12%
0xdef171fe48cf0115b1d80b88dc8eab59176fee57,arb,,0xa94e78ef,,693991.6694,281,0.14%,57.26%
0xc2132d05d31c914a87c6611c10748aeb04b58e8f,matic,,0x095ea7b3,,538037.5559,275,0.14%,57.40%
0x0a88bc5c32b684d467b43c06d9e0899efeaf59df,base,,0x64617461,,51197.5222,271,0.14%,57.54%
0x4200000000000000000000000000000000000006,base,,0x095ea7b3,,675555.6817,270,0.14%,57.68%
0x2791bca1f2de4661ed88a30c99a7a9449aa84174,matic,,0x095ea7b3,,235601.4221,269,0.14%,57.82%
0x41c914ee0c7e1a5edcd0295623e6dc557b5abf3c,op,,0x7715ee75,,1805701.185,266,0.14%,57.96%
0x3328f7f4a1d1c57c35df56bbf0c9dcafca309c49,eth,,0x0162e2d0,,1613.67738,253,0.13%,58.09%
0x29469395eaf6f95920e59f858042f0e28d98a20b,eth,,0xe263967e,,132610.836,250,0.13%,58.22%
0x881d40237659c251811cec9c364ef91dc08d300c,eth,,0x5f575529,,65555.91554,250,0.13%,58.35%
0x940181a94a35a4569e4529a3cdfb74e38fd98631,base,,0x095ea7b3,,1456779.722,244,0.13%,58.47%
0x0389879e0156033202c44bf784ac18fc02edee4f,base,,0x2646478b,,161591.75,241,0.12%,58.60%
0xd7ba4057f43a7c4d4a34634b2a3151a60bf78f0d,op,,0x126928c4,,2187359.422,236,0.12%,58.72%
0x7ceb23fd6bc0add59e62ac25578270cff1b9f619,matic,,0x095ea7b3,,248468.1869,235,0.12%,58.84%
0x0a88bc5c32b684d467b43c06d9e0899efeaf59df,zksync,,0x64617461,,51197.5222,233,0.12%,58.96%
0xdef1c0ded9bec7f1a1670819833240f027b25eff,base,,0x415565b0,,651533.6723,232,0.12%,59.08%
0x3328f7f4a1d1c57c35df56bbf0c9dcafca309c49,eth,,0x75713a08,,20489.5837,231,0.12%,59.20%
0xcf77a3ba9a5ca399b7c97c74d54e5b1beb874e43,base,,0xc6b7f1b6,,668750.5068,227,0.12%,59.31%
0x00000000000000adc04c56bf30ac9d3c0aaf14dc,eth,,0x00000000,,378896.2657,227,0.12%,59.43%
0x111111125421ca6dc452d289314280a0f8842a65,eth,,0x07ed2379,,568783.7374,226,0.12%,59.55%
0x68b3465833fb72a70ecdf485e0e4c7bd8665fc45,eth,,0x04e45aaf,,1089458.61,224,0.12%,59.66%
0x2da10a1e27bf85cedd8ffb1abbe97e53391c0295,zksync,,0x2cc4081e,,38570.20708,222,0.11%,59.78%
0xdef1c0ded9bec7f1a1670819833240f027b25eff,eth,,0x3598d8ab,,1360268.49,220,0.11%,59.89%
0x68b3465833fb72a70ecdf485e0e4c7bd8665fc45,eth,,0x5023b4df,,1089458.61,219,0.11%,60.00%
0xdef1c0ded9bec7f1a1670819833240f027b25eff,eth,,0x803ba26d,,1248499.198,209,0.11%,60.11%
0x280f009e7573f400c1ddeaff4cf1e4750f46fc8e,arb,,0x21ea0c37,,36466.64,205,0.11%,60.21%
0x1e3f1f1ca8c62aabcb3b78d87223e988dfa3780e,arb,,0x738cf0b3,,142562.0333,205,0.11%,60.32%
0x1111111254eeb25477b68fb85ed929f73a960582,base,,0x12aa3caf,,422381.7508,205,0.11%,60.43%
0x03a520b32c04bf3beef7beb72e919cf822ed34f1,base,,0xac9650d8,,804232.7153,203,0.10%,60.53%
0xb2ecfe4e4d61f8790bbb9de2d1259b9e2410cea5,eth,,0x70bce2d6,,452471.2227,203,0.10%,60.63%
0x1195cf65f83b3a5768f3c496d3a05ad6412c64b7,base,,0xd123b4d8,,25580.2075,202,0.10%,60.74%
0x8ac76a51cc950d9822d68b83fe1ad97b32cd580d,bsc,,0x095ea7b3,,144547.8236,201,0.10%,60.84%
0x000000000022d473030f116ddee9f6b43ac78ba3,eth,,0x0d58b1db,,36466.64,200,0.10%,60.95%
0x6982508145454ce325ddbe47a25d4ec3d2311933,eth,,0xa9059cbb,,437566.1211,199,0.10%,61.05%
0xdef1c0ded9bec7f1a1670819833240f027b25eff,arb,,0x415565b0,,651533.6723,196,0.10%,61.15%
0x82af49447d8a07e3bd95bd0d56f35241523fbab1,arb,,0x2e1a7d4d,,629883.6553,196,0.10%,61.25%
0xcf77a3ba9a5ca399b7c97c74d54e5b1beb874e43,base,,0x5a47ddc3,,906212.8806,195,0.10%,61.35%
0x00000000000000adc04c56bf30ac9d3c0aaf14dc,eth,,0xf2d12b12,,101580.1943,187,0.10%,61.45%
0xdef1c0ded9bec7f1a1670819833240f027b25eff,eth,,0x6af479b2,,1267157.958,186,0.10%,61.54%
0xb9f599ce614feb2e1bbe58f180f370d05b39344e,eth,,0xa9059cbb,,893377.665,181,0.09%,61.64%
0x8ab2ff0116a279a99950c66a12298962d152b83c,eth,,0xa9059cbb,,866164.3075,180,0.09%,61.73%
0x1231deb6f5749ef6ce6943a275a1d3e7486f4eae,arb,,0x4630a0d8,,216928.1442,178,0.09%,61.82%
0x25ab3efd52e6470681ce037cd546dc60726948d3,eth,,0xc8173c44,,119849.522,177,0.09%,61.91%
0x0b2c639c533813f4aa9d7837caf62653d097ff85,op,,0x095ea7b3,,382939.2206,176,0.09%,62.00%
0x1195cf65f83b3a5768f3c496d3a05ad6412c64b7,base,,0x0bdd6875,,29041.70962,176,0.09%,62.09%
0x00000000000000adc04c56bf30ac9d3c0aaf14dc,eth,,0xfd9f1e10,,78845.77247,176,0.09%,62.18%
0x4bba932e9792a2b917d47830c93a9bc79320e4f7,zksync,,0x83bd37f9,,821147.3313,174,0.09%,62.27%
0x39e098a153ad69834a9dac32f0fca92066ad03f4,zksync,,0xac9650d8,,57585.99086,171,0.09%,62.36%
0x4200000000000000000000000000000000000042,op,,0x095ea7b3,,765279.3198,169,0.09%,62.45%
0x3c499c542cef5e3811e1192ce70d8cc03d5c3359,matic,,0x095ea7b3,,348650.4319,167,0.09%,62.53%
0x7d225c4cc612e61d26523b099b0718d03152edef,eth,,0xa9059cbb,,3404573,164,0.08%,62.62%
0x000000000022d473030f116ddee9f6b43ac78ba3,eth,,0x2a2d80d1,,36466.64,162,0.08%,62.70%
0xcf0c122c6b73ff809c693db761e7baebe62b6a2e,eth,,0xa9059cbb,,3404573,162,0.08%,62.78%
0x0000000000c2d145a2526bd8c716263bfebe1a72,eth,,0x32389b71,,675849.8384,161,0.08%,62.87%
0x4ed4e862860bed51a9570b96d89af5e1b0efefed,base,,0x095ea7b3,,523183.4321,160,0.08%,62.95%
0x89b8aa89fdd0507a99d334cbe3c808fafc7d850e,bsc,,0x83bd37f9,,1325688.53,156,0.08%,63.03%
0x135896de8421be2ec868e0b811006171d9df802a,eth,,0xd3454a35,,401364.455,155,0.08%,63.11%
0x1d0188c4b276a09366d05d6be06af61a73bc7535,linea,,0xd3115a8a,,38451.93667,153,0.08%,63.19%
0x576e2bed8f7b46d34016198911cdf9886f78bea7,eth,,0xa9059cbb,,3404573,151,0.08%,63.27%
0x2f2a2543b76a4166549f7aab2e75bef0aefc5b0f,arb,,0x095ea7b3,,522565.18,151,0.08%,63.34%
0x41c914ee0c7e1a5edcd0295623e6dc557b5abf3c,op,,0x7ac09bf7,,1828137.386,149,0.08%,63.42%
0x2170ed0880ac9a755fd29b2688956bd959f933f8,bsc,,0x095ea7b3,,184982.826,149,0.08%,63.50%
0x82af49447d8a07e3bd95bd0d56f35241523fbab1,arb,,0xd0e30db0,,626092.202,148,0.08%,63.57%
0xf132bdb9573867cd72f2585c338b923f973eb817,op,,0x24856bc3,,857967.91,147,0.08%,63.65%
0x1111111254eeb25477b68fb85ed929f73a960582,bsc,,0x12aa3caf,,422381.7508,143,0.07%,63.72%
0x8ab178c07184ffd44f0adff4ea2ce6cfc33f3b86,base,,0xbd367d8e,,2392604.51,142,0.07%,63.80%
0x7d1afa7b718fb893db30a3abc0cfc608aacfebb0,eth,,0xa9059cbb,,2294728.11,141,0.07%,63.87%
0x6352a56caadc4f1e25cd6c75970fa768a3304e64,arb,,0x90411a32,,422007.2431,140,0.07%,63.94%
0x1258d60b224c0c5cd888d37bbf31aa5fcfb7e870,eth,,0xa9059cbb,,1703210.76,140,0.07%,64.01%
0xaa277cb7914b7e5514946da92cb9de332ce610ef,arb,,0xac9650d8,,177484.5611,138,0.07%,64.08%
0x6131b5fae19ea4f9d964eac0408e4408b66337b5,matic,,0xe21fd0e9,,443918.0147,137,0.07%,64.15%
0x4b821ad0f3c789cf92b068eb01c2011116a1de29,arb,,0x21ea0c37,,36466.64,137,0.07%,64.23%
0xec7be89e9d109e7e3fec59c222cf297125fefda2,matic,,0x3593564c,,72068.03256,136,0.07%,64.30%
0x735adbbe72226bd52e818e7181953f42e3b0ff21,eth,,0xb1a1a882,,608286.411,135,0.07%,64.36%
0xbff4cbe9231c16fb79c831c7bcccd6a6c5b89e0c,matic,,0x5c90bf79,,48285.43,135,0.07%,64.43%
0x227f65131a261548b057215bb1d5ab2997964c7d,base,,0x379607f5,,2472144.82,135,0.07%,64.50%
0x4c4e4497568a7c831efa4efae23ac4d99d4fe7a0,base,,0x21ea0c37,,36466.64,134,0.07%,64.57%
0x29469395eaf6f95920e59f858042f0e28d98a20b,eth,,0xe7efc178,,42728.8525,133,0.07%,64.64%
0x1bb9b64927e0c5e207c9db4093b3738eef5d8447,eth,,0x095ea7b3,,914326.1418,133,0.07%,64.71%
0xc2132d05d31c914a87c6611c10748aeb04b58e8f,matic,,0xa9059cbb,,314027.0027,132,0.07%,64.78%
0x4c9edd5852cd905f086c759e8383e09bff1e68b3,eth,,0x095ea7b3,,938264.9835,132,0.07%,64.85%
0x111111125421ca6dc452d289314280a0f8842a65,base,,0x07ed2379,,568783.7374,132,0.07%,64.91%
0xd511c5bedaff22390c6da217d33186a67e111213,zksync,,0x629374ab,,34413.1675,131,0.07%,64.98%
0x16613524e02ad97edfef371bc883f2f5d6c480a5,base,,0x7715ee75,,1934680.569,131,0.07%,65.05%
0x5f6ae08b8aeb7078cf2f96afb089d7c9f51da47d,eth,,0xba1f77e8,,534472.2735,131,0.07%,65.12%
0xb97ef9ef8734c71904d8002f8b6bc66dd9c48a6e,avax,,0x095ea7b3,,342757.6432,131,0.07%,65.18%
0xa65832eb8ec1b11eb85c9aff38bab6074038d8dc,avax,,0x21ea0c37,,36466.64,127,0.07%,65.25%
0xb4315e873dbcf96ffd0acd8ea43f689d8c20fb30,avax,,0xb066ea7c,,341684.2165,127,0.07%,65.31%
0x55d398326f99059ff775485246999027b3197955,bsc,,0x23b872dd,,18237.21,127,0.07%,65.38%
0xff970a61a04b1ca14834a43f5de4533ebddb5cc8,arb,,0xa9059cbb,,325978.645,124,0.06%,65.44%
0xdef1c0ded9bec7f1a1670819833240f027b25eff,matic,,0x415565b0,,651533.6723,121,0.06%,65.51%
0x6131b5fae19ea4f9d964eac0408e4408b66337b5,eth,,0x8af033fb,,621894.4326,121,0.06%,65.57%
0xf0d4c12a5768d806021f80a262b4d39d26c58b8d,eth,,0x5c9c18e2,,476781.8257,121,0.06%,65.63%
0xcf77a3ba9a5ca399b7c97c74d54e5b1beb874e43,base,,0x0dede6c4,,1079822.924,120,0.06%,65.69%
0x7d2768de32b0b80b7a3454c06bdac94a69ddc7a9,eth,,0xa415bcad,,660150.66,118,0.06%,65.75%
0x9560e827af36c94d2ac33a39bce1fe78631088db,op,,0x095ea7b3,,870918.9355,116,0.06%,65.81%
0xf6d1b85af155229acd7b523601148585a1ff67c6,matic,,0x2e4dbe8f,,806942.1205,115,0.06%,65.87%
0x159854e14a862df9e39e1d128b8e5f70b4a3ce9b,arb,,0x30b70002,,844003.1754,115,0.06%,65.93%
0xf8ebf4849f1fa4faf0dff2106a173d3a6cb2eb3a,eth,,0xa9059cbb,,3404573,115,0.06%,65.99%
0xd48e3caf0d948203434646a3f3e80f8ee18007dc,zksync,,0xe95a644f,,90850.28102,114,0.06%,66.05%
0xb2ecfe4e4d61f8790bbb9de2d1259b9e2410cea5,eth,,0x3925c3c3,,117930.2196,114,0.06%,66.11%
0x912ce59144191c1204e64559fe8253a0e49e6548,arb,,0x23b872dd,,36466.64,114,0.06%,66.17%
0xe3e3a6cf662a6d7b2b8a60e8ae44636c7e014476,arb,,0x08c7750e,,1821537.814,113,0.06%,66.22%
0xb4315e873dbcf96ffd0acd8ea43f689d8c20fb30,avax,,0x2a443fae,,181516.3697,113,0.06%,66.28%
0x29469395eaf6f95920e59f858042f0e28d98a20b,eth,,0x4658ad62,,47881.57143,112,0.06%,66.34%
0x4200000000000000000000000000000000000006,base,,0xd0e30db0,,1136356.369,111,0.06%,66.40%
0xae7ab96520de3a18e5e111b5eaab095312d7fe84,eth,,0x095ea7b3,,791843.3253,111,0.06%,66.45%
0xda10009cbd5d07dd0cecc66161fc93d7c9000da1,arb,,0x095ea7b3,,422110.6082,109,0.06%,66.51%
0x16613524e02ad97edfef371bc883f2f5d6c480a5,base,,0x7ac09bf7,,2396053.232,108,0.06%,66.57%
0xa0b86991c6218b36c1d19d4a2e9eb0ce3606eb48,eth,,0x23b872dd,,88071.95,107,0.06%,66.62%
0x9e6ef7f75ad88d4edb4c9925c94b769c5b0d6281,arb,,0x2e4dbe8f,,797039.625,107,0.06%,66.68%
0x29469395eaf6f95920e59f858042f0e28d98a20b,eth,,0xc87df1c2,,132863.6003,107,0.06%,66.73%
0xf77bd7c05598e094bc06e34bb81c07bd3b091db1,zksync,,0x6c401d9d,,25178.61741,107,0.06%,66.79%
0xdef171fe48cf0115b1d80b88dc8eab59176fee57,eth,,0x0b86a4c1,,1043585.197,106,0.05%,66.84%
0x90c8e0f9441b6045b99c9f90aa4812f6ff26bbb1,eth,,0x837d8cf4,,36466.64,106,0.05%,66.90%
0x6352a56caadc4f1e25cd6c75970fa768a3304e64,bsc,,0x90411a32,,422007.2431,105,0.05%,66.95%
0x7573933eb12fa15d5557b74fdaff845b3baf0ba2,matic,,0x350f7198,,43126.29,105,0.05%,67.00%
0x15e6e0d4ebeac120f9a97e71faa6a0235b85ed12,eth,,0xa9059cbb,,647478.7533,104,0.05%,67.06%
0xbf22f0f184bccbea268df387a49ff5238dd23e40,arb,,0x1114cd2a,,678740.6524,104,0.05%,67.11%
0x94b008aa00579c1307b0ef2c499ad98a8ce58e58,op,,0x095ea7b3,,91274.17068,103,0.05%,67.16%
0x6a7eff1e2c355ad6eb91bebb5ded49257f3fed98,eth,,0xa9059cbb,,1148642.167,101,0.05%,67.22%
0x4f09bab2f0e15e2a078a227fe1537665f55b8360,base,,0xc00007b0,,6208964.04,100,0.05%,67.27%
0xe832e655e4c3c36b2be5256915ecf8536a642f59,zksync,,0x6e5129d1,,19339.5,100,0.05%,67.32%
0xfdc28cd1bfebf3033870c0344b4e0bee639be9b1,eth,,0xadc9772e,,344649.3492,100,0.05%,67.37%
0x40a50cf069e992aa4536211b23f286ef88752187,eth,,0x322bba21,,162424.1799,99,0.05%,67.42%
0x1111111254eeb25477b68fb85ed929f73a960582,op,,0x12aa3caf,,422381.7508,99,0.05%,67.47%
0x0e79459d098815bab924fb7a8a266448268b9650,avax,,0x64617461,,0,98,0.05%,67.52%
0x493257fd37edb34451f62edf8d2a0c418852ba4c,zksync,,0x095ea7b3,,904533.7509,98,0.05%,67.57%
0x514910771af9ca656af840dff83e8264ecf986ca,eth,,0xa9059cbb,,3852585.94,97,0.05%,67.62%
0xef4fb24ad0916217251f553c0596f8edc630eb66,arb,,0xb9303701,,152525.0345,97,0.05%,67.67%
0x5422aa06a38fd9875fc2501380b40659feebd3bb,arb,,0x39f7df5f,,605812.6882,96,0.05%,67.72%
0xebc85d44cefb1293707b11f707bd3cec34b4d5fa,arb,,0x8e2eba09,,777185.338,96,0.05%,67.77%
0xc46c966dd05447dec36152254306feffd0116338,zksync,,0xfd9f1e10,,10503.75,95,0.05%,67.82%
0x00b2149d89677a5069ed4d303941614a33700146,base,,0xc00007b0,,4381147.82,95,0.05%,67.87%
0x3593d125a4f7849a1b059e64f4517a86dd60c95d,eth,,0xa9059cbb,,3404573,95,0.05%,67.92%
0x0000000000000068f116a894984e2db1123eb395,eth,,0xf2d12b12,,69544.82048,94,0.05%,67.97%
0x7ceb23fd6bc0add59e62ac25578270cff1b9f619,matic,,0xa9059cbb,,55544.03696,94,0.05%,68.02%
0x8457ca5040ad67fdebbcc8edce889a335bc0fbfb,eth,,0x095ea7b3,,753997.4879,94,0.05%,68.06%
0xb58a659eee982fe4e6ce0c2c37ebd0f7e8224d7e,eth,,0x304c2c03,,727120.8338,94,0.05%,68.11%
0x4200000000000000000000000000000000000006,base,,0x2e1a7d4d,,684464.0397,94,0.05%,68.16%
0xcf77a3ba9a5ca399b7c97c74d54e5b1beb874e43,base,,0x903638a4,,603345.697,94,0.05%,68.21%
0x316e992a96c1a6dafececea5ca4e6d37896b3cb9,arb,,0x379607f5,,180775.91,93,0.05%,68.26%
0xd1f3d2f5c12a205fc912358878b089eae48a557f,eth,,0xa9059cbb,,3404573,93,0.05%,68.30%
0x1d6b183bd47f914f9f1d3208edcf8befd7f84e63,base,,0x57bc3d78,,35616.02418,93,0.05%,68.35%
0x58b6a8a3302369daec383334672404ee733ab239,eth,,0xa9059cbb,,1704729.93,93,0.05%,68.40%
0xef4fb24ad0916217251f553c0596f8edc630eb66,eth,,0xb9303701,,152525.0345,92,0.05%,68.45%
0xafb89a09d82fbde58f18ac6437b3fc81724e4df6,base,,0x095ea7b3,,164017.9251,91,0.05%,68.49%
0x111111125421ca6dc452d289314280a0f8842a65,eth,,0xa76dfc3b,,86936.134,91,0.05%,68.54%
0xdef171fe48cf0115b1d80b88dc8eab59176fee57,eth,,0x54e3f31b,,429035.86,90,0.05%,68.59%
0x5f6ae08b8aeb7078cf2f96afb089d7c9f51da47d,eth,,0xf6326fb3,,103758.557,90,0.05%,68.63%
0xb4315e873dbcf96ffd0acd8ea43f689d8c20fb30,avax,,0x9ab6156b,,108927.6309,89,0.05%,68.68%
0xb2ecfe4e4d61f8790bbb9de2d1259b9e2410cea5,eth,,0x3f8fc233,,975441.2517,89,0.05%,68.73%
0xeaa63125dd63f10874f99cdbbb18410e7fc79dd3,eth,,0xa9059cbb,,3404573,89,0.05%,68.77%
0x1111111254eeb25477b68fb85ed929f73a960582,eth,,0x2d9a56f6,,1573020.64,88,0.05%,68.82%
0x9992f660137979c1ca7f8b119cd16361594e3681,arb,,0x4e1028ba,,1182614.815,88,0.05%,68.86%
0x3a23f943181408eac424116af7b7790c94cb97a5,eth,,0x00000184,,318149.8394,86,0.04%,68.91%
0x5979d7b546e38e414f7e9822514be443a4800529,arb,,0x095ea7b3,,430457.3981,86,0.04%,68.95%
0x176211869ca2b568f2a7d4ee941e073a821ee1ff,linea,,0x095ea7b3,,45490.40121,85,0.04%,68.99%
0xb6b7f69411294ffea25a44610c0f22c3544d5d69,bsc,,0x837d8cf4,,36466.64,84,0.04%,69.04%
0x6b175474e89094c44da98b954eedeac495271d0f,eth,,0x095ea7b3,,1810553.127,83,0.04%,69.08%
0x4200000000000000000000000000000000000006,op,,0x095ea7b3,,675555.6817,83,0.04%,69.12%
0x49048044d57e1c92a77f79988d21fa8faf74e97e,eth,,0xe9e05c42,,311309.422,82,0.04%,69.17%
0x29469395eaf6f95920e59f858042f0e28d98a20b,eth,,0x8553b234,,324754.91,80,0.04%,69.21%
0x912ce59144191c1204e64559fe8253a0e49e6548,arb,,0xa9059cbb,,961312.238,80,0.04%,69.25%
0xa062ae8a9c5e11aaa026fc2670b0d65ccc8b2858,op,,0xc6b7f1b6,,1054448.004,79,0.04%,69.29%
0x09986b4e255b3c548041a30a2ee312fe176731c2,arb,,0x143f05e1,,58141.192,79,0.04%,69.33%
0x482e0f3e31181729540560bc7ee4fc79024b6387,bsc,,0x21ea0c37,,36466.64,78,0.04%,69.37%
0x111111125421ca6dc452d289314280a0f8842a65,eth,,0x83800a8e,,61373.32933,78,0.04%,69.41%
0xbff4cbe9231c16fb79c831c7bcccd6a6c5b89e0c,matic,,0xa6385803,,48285.43,78,0.04%,69.45%
0x589515c3da64803bbdf9f7aeafe6970f122cbed0,arb,,0x21ea0c37,,36466.64,77,0.04%,69.49%
0x55d26d7e20bfb42948a05d6d9a69af8fd5400fa0,arb,,0x095ea7b3,,230044.0592,77,0.04%,69.53%
0x7d8146cf21e8d7cbe46054e01588207b51198729,eth,,0xa9059cbb,,3404573,76,0.04%,69.57%
0x663dc15d3c1ac63ff12e45ab68fea3f0a883c251,eth,,0x4d8160ba,,55281.48518,76,0.04%,69.61%
0x00000000000e1a99dddd5610111884278bdbda1d,eth,,0x497ecfc5,,54464.43026,76,0.04%,69.65%
0x8457ca5040ad67fdebbcc8edce889a335bc0fbfb,eth,,0xa9059cbb,,372480.3825,75,0.04%,69.69%
0x7657fe433815a2f51ac0e61a5d3a6a362fb53665,op,,0x21ea0c37,,36466.64,75,0.04%,69.72%
0x3432b6a60d23ca0dfca7761b7ab56459d9c964d0,eth,,0xa9059cbb,,966746.578,74,0.04%,69.76%
0x3a23f943181408eac424116af7b7790c94cb97a5,arb,,0x00000184,,318149.8394,74,0.04%,69.80%
0x53bf833a5d6c4dda888f69c22c88c9f356a41614,arb,,0x9fbf10fc,,202380.1987,74,0.04%,69.84%
0x5bb8d8d0b0e625aa156ddb4e1aacd9db9b1cc4d4,eth,,0x837d8cf4,,36466.64,74,0.04%,69.88%
0x00000000000000adc04c56bf30ac9d3c0aaf14dc,base,,0x00000000,,378896.2657,74,0.04%,69.91%
0x6bf98654205b1ac38645880ae20fc00b0bb9ffca,base,,0x126928c4,,21873.27125,73,0.04%,69.95%
0x4200000000000000000000000000000000000042,op,,0x23b872dd,,36466.64,73,0.04%,69.99%
0x3a1d0952809f4948d15ebce8d345962a282c4fcb,bsc,,0x7ac09bf7,,675092.3236,73,0.04%,70.03%
0x00000000005bbb0ef59571e58418f9a4357b68a0,eth,,0xed48907e,,1227628.536,72,0.04%,70.06%
0x5888641e3e6cbea6d84ba81edb217bd691d3be38,eth,,0xa9059cbb,,3404573,72,0.04%,70.10%
0xeae066c25106006fb386a3a8b1698a0cb6931c1a,base,,0xc00007b0,,5850419.015,71,0.04%,70.14%
0x200bd65a3189930634af857c72281abe63c3da5e,matic,,0xe0ccea9d,,26467.302,71,0.04%,70.17%
0x6dd28c2c5b91dd63b4d4e78ecac7139878371768,zksync,,0x1249c58b,,28725.02083,70,0.04%,70.21%
0x8707f238936c12c309bfc2b9959c35828acfc512,eth,,0xb3dd411d,,1350715.701,70,0.04%,70.25%
0x2260fac5e5542a773aa44fbcfedf7c193bc2c599,eth,,0x095ea7b3,,823405.4477,70,0.04%,70.28%
0x981f198286e40f9979274e0876636e9144b8fb8e,zksync,,0x5b7d7482,,18846.72889,70,0.04%,70.32%
0xa19fd5ab6c8dcffa2a295f78a5bb4ac543aaf5e3,arb,,0x4786055f,,32940.53667,69,0.04%,70.35%
0xe9572938bcbf08adcee86fd12a7c0d08dc4ab841,eth,,0xa9059cbb,,515219.6186,69,0.04%,70.39%
0x292fcdd1b104de5a00250febba9bc6a5092a0076,eth,,0xa9059cbb,,3404573,69,0.04%,70.43%
0xce16f69375520ab01377ce7b88f5ba8c48f8d666,arb,,0x846a1bc6,,112449.6894,69,0.04%,70.46%
0x3caae25ee616f2c8e13c74da0813402eae3f496b,arb,,0x1c75e369,,1054636.86,69,0.04%,70.50%
0x6131b5fae19ea4f9d964eac0408e4408b66337b5,op,,0xe21fd0e9,,443918.0147,68,0.04%,70.53%
0x00000000000000adc04c56bf30ac9d3c0aaf14dc,eth,,0x87201b41,,583783.499,68,0.04%,70.57%
0xb2ecfe4e4d61f8790bbb9de2d1259b9e2410cea5,eth,,0x336d8206,,43566.53867,67,0.03%,70.60%
0x59c7c832e96d2568bea6db468c1aadcbbda08a52,base,,0x54e3f31b,,1534178.137,67,0.03%,70.64%
0x816f722424b49cf1275cc86da9840fbd5a6167e9,arb,,0x322dda6d,,41307.981,67,0.03%,70.67%
0x4ae8cebccd7027820ba83188dfd73ccad0a92806,arb,,0x126928c4,,26417.38095,67,0.03%,70.70%
0xd7ef5ac7fd4aaa7994f3bc1d273eab1d1013530e,arb,,0xa8559872,,563194.5244,66,0.03%,70.74%
0xb79dd08ea68a908a97220c76d19a6aa9cbde4376,base,,0x095ea7b3,,3724853.61,66,0.03%,70.77%
0x793f22ab88dc91793e5ce6adbd7e733b0bd4733e,base,,0xc00007b0,,11583606.6,66,0.03%,70.81%
0x025137c819298654162de2609f407514de4bb027,base,,0xc00007b0,,11583606.6,66,0.03%,70.84%
0x0d500b1d8e8ef31e21c99d1db9a6444d3adf1270,matic,,0x095ea7b3,,59799.45615,66,0.03%,70.87%
0xbcbda13bd60bc0e91745186e274d1445078d6b33,eth,,0xa9059cbb,,1720519.82,65,0.03%,70.91%
0xc5170e37875cfd19872692e1086c49f205b5fca6,base,,0xc00007b0,,131892.28,65,0.03%,70.94%
0x643770e279d5d0733f21d6dc03a8efbabf3255b4,matic,,0x3593564c,,430562.2707,65,0.03%,70.97%
0x526b3d92ff55263dd24e3e14ccd0f5c2dab81d3b,base,,0xc00007b0,,3945718.137,65,0.03%,71.01%
0xe41d2489571d322189246dafa5ebde1f4699f498,eth,,0xa9059cbb,,8964027.405,65,0.03%,71.04%
0xc91aaacc5adb9763ceb57488cc9ebe52c76a2b05,zksync,,0xc002c4d6,,43933.79,65,0.03%,71.08%
0x03a520b32c04bf3beef7beb72e919cf822ed34f1,base,,0x88316456,,1348861.529,64,0.03%,71.11%
0xe3ba0072d1da98269133852fba1795419d72baf4,bsc,,0x9e4cda43,,37167.834,64,0.03%,71.14%
0x2791bca1f2de4661ed88a30c99a7a9449aa84174,matic,,0xa9059cbb,,70407.08577,64,0.03%,71.17%
0x1231deb6f5749ef6ce6943a275a1d3e7486f4eae,eth,,0x4630a0d8,,216928.1442,64,0.03%,71.21%
0x32cd891fa6c52bd324b9ef1b35f2e6e948eeeaf3,base,,0xc00007b0,,6208964.04,64,0.03%,71.24%
0xdef1c0ded9bec7f1a1670819833240f027b25eff,eth,,0x415565b0,,651533.6723,64,0.03%,71.27%
0xbbee07b3e8121227afcfe1e2b82772246226128e,arb,,0x8e5d588c,,2077257.173,64,0.03%,71.31%
0x0000000000000068f116a894984e2db1123eb395,base,,0x00000000,,336449.559,64,0.03%,71.34%
0xf9cfb8a62f50e10adde5aa888b44cf01c5957055,base,,0x4dbe83ed,,250072.8357,64,0.03%,71.37%
0xca423977156bb05b13a2ba3b76bc5419e2fe9680,op,,0x83bd37f9,,2536799.439,64,0.03%,71.40%
0x434a8eea016357be462eb6ade1b99f9f9f5ff2c3,base,,0xc00007b0,,11583606.6,64,0.03%,71.44%
0xdef171fe48cf0115b1d80b88dc8eab59176fee57,matic,,0x54e3f31b,,429035.86,64,0.03%,71.47%
0x4e3288c9ca110bcc82bf38f09a7b425c095d92bf,matic,,0x83bd37f9,,1233380.356,64,0.03%,71.50%
0x6352a56caadc4f1e25cd6c75970fa768a3304e64,eth,,0x90411a32,,422007.2431,63,0.03%,71.54%
0x8e729198d1c59b82bd6bba579310c40d740a11c2,eth,,0xa9059cbb,,3404573,63,0.03%,71.57%
0x9e9fbde7c7a83c43913bddc8779158f1368f0413,eth,,0x095ea7b3,,283077.1735,62,0.03%,71.60%
0x3c499c542cef5e3811e1192ce70d8cc03d5c3359,matic,,0xa9059cbb,,518926.9836,62,0.03%,71.63%
0x1aed60a97192157fda7fb26267a439d523d09c5e,base,,0x760f2a0b,,450325.5599,61,0.03%,71.66%
0xec8b0f7ffe3ae75d7ffab09429e3675bb63503e4,op,,0x3593564c,,198927.9587,61,0.03%,71.69%
0x50b6ebc2103bfec165949cc946d739d5650d7ae4,base,,0x1114cd2a,,931887.8375,61,0.03%,71.73%
0x111111125421ca6dc452d289314280a0f8842a65,arb,,0x07ed2379,,568783.7374,61,0.03%,71.76%
0xb342e7d33b806544609370271a8d074313b7bc30,bsc,,0xe95a644f,,54820.40556,60,0.03%,71.79%
0x93fff4028927f53f708534397ed349b9cd4e2f9f,eth,,0x2e7ba6ef,,842217.3238,60,0.03%,71.82%
0xa0b86991c6218b36c1d19d4a2e9eb0ce3606eb48,eth,,0xd505accf,,68271.32667,60,0.03%,71.85%
0x0217f2c4ae11d08479f6572c525ef820e176207d,matic,,0xab49cd56,,47378.95536,60,0.03%,71.88%
0x1231deb6f5749ef6ce6943a275a1d3e7486f4eae,arb,,0xbe1eace7,,275501.4659,60,0.03%,71.91%
0x341e94069f53234fe6dabef707ad424830525715,zksync,,0x1fd8010c,,98135.71556,59,0.03%,71.94%
0x29469395eaf6f95920e59f858042f0e28d98a20b,eth,,0x619a309f,,164075.2845,59,0.03%,71.97%
0x6de037ef9ad2725eb40118bb1702ebb27e4aeb24,eth,,0xa9059cbb,,1562315.807,59,0.03%,72.00%
0xa062ae8a9c5e11aaa026fc2670b0d65ccc8b2858,op,,0xcac88ea9,,1554443.46,59,0.03%,72.03%
0xbf5495efe5db9ce00f80364c8b423567e58d2110,eth,,0x095ea7b3,,1461003.288,59,0.03%,72.06%
0x6ee844bcbe6de50867577fcfc77773bfc4645635,arb,,0xb6b55f25,,230044.0592,59,0.03%,72.09%
0x2170ed0880ac9a755fd29b2688956bd959f933f8,bsc,,0xa9059cbb,,63418.57407,59,0.03%,72.12%
0x1231deb6f5749ef6ce6943a275a1d3e7486f4eae,arb,,0x1fd8010c,,271088.9897,59,0.03%,72.16%
0x1231deb6f5749ef6ce6943a275a1d3e7486f4eae,base,,0x4630a0d8,,216928.1442,59,0.03%,72.19%
0x9dda6ef3d919c9bc8885d5560999a3640431e8e6,arb,,0x5f575529,,48798.493,59,0.03%,72.22%
0x912ce59144191c1204e64559fe8253a0e49e6548,arb,,0xd505accf,,36466.64,58,0.03%,72.25%
0xe9572938bcbf08adcee86fd12a7c0d08dc4ab841,eth,,0x095ea7b3,,162183.5766,58,0.03%,72.28%
0x9419ebc42ef5be9add0f6036eba6238db936a03e,eth,,0x64617461,,0,58,0.03%,72.31%
0x39da41747a83aee658334415666f3ef92dd0d541,eth,,0x9a2b8115,,1066546.923,58,0.03%,72.34%
0xbb5032d20b689d9ee69a7c490bd02fc9efc734c2,arb,,0xddd5e1b2,,82057.4163,57,0.03%,72.36%
0x40a7df3df8b56147b781353d379cb960120211d7,eth,,0x095ea7b3,,174473.211,57,0.03%,72.39%
0x03aa6298f1370642642415edc0db8b957783e8d6,bsc,,0x095ea7b3,,423530.5514,57,0.03%,72.42%
0x9647bc2cd383dec17d2a0b154c48c7a24db72640,op,,0xc00007b0,,11583606.6,56,0.03%,72.45%
0x4c6e2c495b974b8d4220e370f23c7e0e1da9b644,eth,,0xa9059cbb,,1702286.5,56,0.03%,72.48%
0x628a3b2e302c7e896acc432d2d0dd22b6cb9bc88,eth,,0xa9059cbb,,3404573,56,0.03%,72.51%
0x6352a56caadc4f1e25cd6c75970fa768a3304e64,base,,0x90411a32,,422007.2431,56,0.03%,72.54%
0x7f62ac1e974d65fab4a81821ca6af659a5f46298,base,,0x095ea7b3,,578304.9914,56,0.03%,72.57%
0x6c9242cf71e4efee76e795c02aaad441ac88d419,op,,0xc00007b0,,11583606.6,56,0.03%,72.60%
0xac1bd2486aaf3b5c0fc3fd868558b082a531b2b4,base,,0x095ea7b3,,607351.1695,56,0.03%,72.63%
0x280f009e7573f400c1ddeaff4cf1e4750f46fc8e,arb,,0x2b85ba38,,36466.64,56,0.03%,72.65%
0x1231deb6f5749ef6ce6943a275a1d3e7486f4eae,matic,,0x4630a0d8,,216928.1442,56,0.03%,72.68%
0xb4315e873dbcf96ffd0acd8ea43f689d8c20fb30,avax,,0x1a24f9a9,,132494.9433,56,0.03%,72.71%
0xdef1c0ded9bec7f1a1670819833240f027b25eff,eth,,0x706394d5,,820559.0495,56,0.03%,72.74%
0x8ac76a51cc950d9822d68b83fe1ad97b32cd580d,bsc,,0xa9059cbb,,505658.5351,56,0.03%,72.77%
0xde2942b52e75c327ad4ddd6c7db7c398fed6199f,eth,,0x23b872dd,,2302.46,55,0.03%,72.80%
0xef4fb24ad0916217251f553c0596f8edc630eb66,base,,0xb9303701,,152525.0345,55,0.03%,72.83%
0x006a5501fc45219ffdc353106d2946bd1dc08161,zksync,,0x6e5129d1,,19339.5,55,0.03%,72.85%
0x00000f312c54d0dd25888ee9cdc3dee988700000,bsc,,0x065573f8,,36466.64,55,0.03%,72.88%
0x7657fe433815a2f51ac0e61a5d3a6a362fb53665,op,,0x2b85ba38,,36466.64,55,0.03%,72.91%
0x108db2038c6e8bc1a0b058c70e752b14d08648bf,base,,0x40c10f19,,19319.77,55,0.03%,72.94%
0xdef171fe48cf0115b1d80b88dc8eab59176fee57,arb,,0xa6886da9,,562907.9242,55,0.03%,72.97%
0x3328f7f4a1d1c57c35df56bbf0c9dcafca309c49,eth,,0x6e20b107,,1613.67738,55,0.03%,73.00%
0x0988121b264b3aa2072072176f491f66232362cb,matic,,0x2b85ba38,,36466.64,55,0.03%,73.02%
0xe9e7cea3dedca5984780bafc599bd69add087d56,bsc,,0x095ea7b3,,334114.9812,55,0.03%,73.05%
0x1195cf65f83b3a5768f3c496d3a05ad6412c64b7,op,,0xd123b4d8,,25580.2075,54,0.03%,73.08%
0x3a1d0952809f4948d15ebce8d345962a282c4fcb,bsc,,0xc991866d,,665697.1427,54,0.03%,73.11%
0xaa58e77238f0e4a565343a89a79b4addd744d649,arb,,0x1249c58b,,24416.105,54,0.03%,73.14%
0xa6e0e731cb1e99aede0f9c9128d04f948e18727d,bsc,,0x1f1db043,,665697.1427,54,0.03%,73.16%
0x1231deb6f5749ef6ce6943a275a1d3e7486f4eae,eth,,0x1fd8010c,,271088.9897,54,0.03%,73.19%
0x43019f8be1f192587883b67dea2994999f5a2de2,base,,0x62ae4117,,773204.6045,54,0.03%,73.22%
0x0c7f66f72131c411994e523550f9e4a3769cd475,matic,,0x183ff085,,48246.782,54,0.03%,73.25%
0xc1e088fc1323b20bcbee9bd1b9fc9546db5624c5,eth,,0x300dd6cf,,526961.7627,54,0.03%,73.28%
0xcf5540fffcdc3d510b18bfca6d2b9987b0772559,eth,,0x83bd37f9,,3022732.016,54,0.03%,73.30%
0xb6b7f69411294ffea25a44610c0f22c3544d5d69,bsc,,0x2b85ba38,,36466.64,54,0.03%,73.33%
0x7e7a0e201fd38d3adaa9523da6c109a07118c96a,eth,,0xc2288147,,145525.3451,54,0.03%,73.36%
0xe18a6a48a41f41d774342d5508cc327af10838b2,eth,,0x304c2c03,,637079.8069,54,0.03%,73.39%
0xe9c01f928296359ba1d0ad1000cc9bf972cb0026,eth,,0x47d1e2c1,,880311.3867,54,0.03%,73.41%
0x8b791913eb07c32779a16750e3868aa8495f5964,zksync,,0x0bbaa8d2,,47674.13261,54,0.03%,73.44%
0x00000f312c54d0dd25888ee9cdc3dee988700000,arb,,0x065573f8,,36466.64,54,0.03%,73.47%
0x00000000005bbb0ef59571e58418f9a4357b68a0,arb,,0xed48907e,,1227628.536,53,0.03%,73.50%
0x49d5c2bdffac6ce2bfdb6640f4f80f226bc10bab,avax,,0x095ea7b3,,135673.0429,53,0.03%,73.52%
0x1a0a18ac4becddbd6389559687d1a73d8927e416,bsc,,0x3593564c,,301685.0467,53,0.03%,73.55%
0xaa58e77238f0e4a565343a89a79b4addd744d649,arb,,0x51905636,,24416.105,53,0.03%,73.58%
0x0176b898e92e814c06cc379e508ceb571f70bd40,eth,,0xa9059cbb,,3404573,53,0.03%,73.61%
0xf8b59f3c3ab33200ec80a8a58b2aa5f5d2a8944c,zksync,,0x5ae401dc,,1381667.469,53,0.03%,73.63%
0x1195cf65f83b3a5768f3c496d3a05ad6412c64b7,matic,,0x0bdd6875,,29041.70962,53,0.03%,73.66%
0xc36442b4a4522e871399cd717abdd847ab11fe88,eth,,0x88316456,,1147713.97,53,0.03%,73.69%
0x1195cf65f83b3a5768f3c496d3a05ad6412c64b7,arb,,0xd123b4d8,,25580.2075,53,0.03%,73.72%
0x8b791913eb07c32779a16750e3868aa8495f5964,zksync,,0xacc8723d,,1253673.603,53,0.03%,73.74%
0x12e45be50dd4f3bc430b65d399b1e3b90275661c,base,,0xc00007b0,,834321.5,52,0.03%,73.77%
0xaaaaaaaaa24eeeb8d57d431224f73832bc34f688,eth,,0xa15112f9,,2740525.344,52,0.03%,73.80%
0x424ed30cce37d8c60e80ae0c4eb898cf85a88440,eth,,0x8132b321,,1036105.671,52,0.03%,73.82%
0xdef1c0ded9bec7f1a1670819833240f027b25eff,eth,,0xa578efaf,,1146714.994,52,0.03%,73.85%
0x10ed43c718714eb63d5aa57b78b54704e256024e,bsc,,0xb6f9de95,,93748.52333,52,0.03%,73.88%
0xe3ee395c9067dd15c492ca950b101a7d6c85b5fc,eth,,0xa694fc3a,,117207.11,51,0.03%,73.90%
0x41e5560054824ea6b0732e656e3ad64e20e94e45,eth,,0xa9059cbb,,3404573,51,0.03%,73.93%
0x0776c06907ce6ff3d9dbf84ba9b3422d7225942d,arb,,0xe74fac20,,8525146.57,51,0.03%,73.96%
0x9702230a8ea53601f5cd2dc00fdbc13d4df4a8c7,avax,,0x095ea7b3,,132336.6558,51,0.03%,73.98%
0xa1290d69c65a6fe4df752f95823fae25cb99e5a7,eth,,0x095ea7b3,,1948351.172,51,0.03%,74.01%
0x8c6f28f2f1a3c87f0f938b96d27520d9751ec8d9,op,,0x095ea7b3,,936309.26,51,0.03%,74.03%
0x4041db404315d7c63aaadc8d6e3b93c0bd99b779,zksync,,0x7ba0e2e7,,257302.7542,51,0.03%,74.06%
0x6131b5fae19ea4f9d964eac0408e4408b66337b5,base,,0x8af033fb,,621894.4326,50,0.03%,74.09%
0x7e7a0e201fd38d3adaa9523da6c109a07118c96a,arb,,0xc2288147,,145525.3451,50,0.03%,74.11%
0xaaa2564deb34763e3d05162ed3f5c2658691f499,arb,,0x20b1cb6f,,473527.09,50,0.03%,74.14%
0xaaa87963efeb6f7e0a2711f397663105acb1805e,arb,,0x5a47ddc3,,354761.88,50,0.03%,74.16%
0xf8c3527cc04340b208c854e985240c02f7b7793f,eth,,0xa9059cbb,,3404573,50,0.03%,74.19%
0x794a61358d6845594f94dc1db02a252b5b4814ad,arb,,0x8e19899e,,2142906.08,50,0.03%,74.21%
0xa41d2f8ee4f47d3b860a149765a7df8c3287b7f0,eth,,0xa9059cbb,,865566.993,50,0.03%,74.24%
0x833589fcd6edb6e08f4c7c32d4f71b54bda02913,base,,0xa9059cbb,,938339.6635,50,0.03%,74.27%
0x8b791913eb07c32779a16750e3868aa8495f5964,zksync,,0xc694d55d,,28223.73375,50,0.03%,74.29%
0x2dfadab8266483bed9fd9a292ce56596a2d1378d,eth,,0xa83cbaa3,,235403.725,50,0.03%,74.32%
0x5c559f3ee9a81da83e069c0093471cb05d84052a,eth,,0xa9059cbb,,3404573,50,0.03%,74.34%
0xdef1abe32c034e558cdd535791643c58a13acc10,op,,0x415565b0,,877987.926,50,0.03%,74.37%
0xe43638797513ef7a6d326a95e8647d86d2f5a099,arb,,0x58e8cf03,,152064.755,49,0.03%,74.39%
0xaaaaaaaaa24eeeb8d57d431224f73832bc34f688,eth,,0x3d719cd9,,147784.2078,49,0.03%,74.42%
0x15e6e0d4ebeac120f9a97e71faa6a0235b85ed12,eth,,0x23b872dd,,36466.64,49,0.03%,74.44%
0xe592427a0aece92de3edee1f18e0157c05861564,eth,,0x414bf389,,127534.9286,49,0.03%,74.47%
0xba12222222228d8ba445958a75a0704d566bf2c8,eth,,0x52bbbe29,,484501.5453,49,0.03%,74.50%
0xa81dac2e9caa218fcd039d7cedeb7847cf362213,base,,0xc00007b0,,834321.5,49,0.03%,74.52%
0xdef171fe48cf0115b1d80b88dc8eab59176fee57,op,,0x54e3f31b,,429035.86,49,0.03%,74.55%
0x38930aae699c4cd99d1d794df9db41111b13092b,eth,,0xe4849b32,,83453.08,49,0.03%,74.57%
0x76c48576822cd955c320f5d5a163e738dbfecc01,base,,0xc00007b0,,398711.4933,48,0.02%,74.60%
0x1576b8d0be0c721ea653970e40f7a6d4b0b0abf4,zksync,,0xe4cd099c,,45209.20708,48,0.02%,74.62%
0xb9fe82ab6e0fbbd2647b9f9ac0d965b77d4a43f9,eth,,0x02327c0a,,132448.287,48,0.02%,74.65%
0x4c749d097832de2fecc989ce18fdc5f1bd76700c,arb,,0x1ef306e3,,2104859.44,48,0.02%,74.67%
0xdef1c0ded9bec7f1a1670819833240f027b25eff,eth,,0xdac748d4,,1731246.153,48,0.02%,74.69%
0xb8a87405d9a4f2f866319b77004e88dff66c0d92,eth,,0xa9059cbb,,3404573,48,0.02%,74.72%
0x0a88bc5c32b684d467b43c06d9e0899efeaf59df,op,,0x64617461,,51197.5222,48,0.02%,74.74%
0x41c914ee0c7e1a5edcd0295623e6dc557b5abf3c,op,,0x666256aa,,560577.911,48,0.02%,74.77%
0x1111111254eeb25477b68fb85ed929f73a960582,matic,,0x12aa3caf,,422381.7508,48,0.02%,74.79%
0x6c15b0636db7fdb5def5f524e48524be10fbe814,matic,,0x21ea0c37,,36466.64,48,0.02%,74.82%
0xa3d1a8deb97b111454b294e2324efad13a9d8396,base,,0x095ea7b3,,4114055.929,48,0.02%,74.84%
0xc86803b5a6976d5b5c16556188a24ee2c24fcd20,eth,,0x23b872dd,,2302.46,48,0.02%,74.87%
0x514910771af9ca656af840dff83e8264ecf986ca,eth,,0x23b872dd,,36466.64,48,0.02%,74.89%
0x49af605bc56649c4a67716cf7c7b8790b17b8160,base,,0x9dbb844d,,45114.32636,48,0.02%,74.92%
0x77be1ba1cd2d7a63bffc772d361168cc327dd8bc,eth,,0xa9059cbb,,3404573,48,0.02%,74.94%
0x12ef10a4fc6e1ea44b4ca9508760ff51c647bb71,eth,,0xa9059cbb,,1292817.44,47,0.02%,74.97%
0xba11d00c5f74255f56a5e366f4f77f5a186d7f55,eth,,0xa9059cbb,,3404573,47,0.02%,74.99%
0xf047ab4c75cebf0eb9ed34ae2c186f3611aeafa6,eth,,0xb3db428b,,2145453.04,47,0.02%,75.01%
0xdef171fe48cf0115b1d80b88dc8eab59176fee57,matic,,0xa94e78ef,,693991.6694,47,0.02%,75.04%
0x3ef3d8ba38ebe18db133cec108f4d14ce00dd9ae,arb,,0x71ee95c0,,1380433.26,47,0.02%,75.06%
0x6cd20be8914a9be48f2a35e56354490b80522856,linea,,0xb9a2092d,,35700.79365,47,0.02%,75.09%
0xfb73dfff0ae6aa94559b1b17421cf42e198b8d22,arb,,0xac16c7cb,,555665.2293,47,0.02%,75.11%
0xba58444c8050ed9385b7417533a73644036d21eb,eth,,0xa9059cbb,,3404573,47,0.02%,75.14%
0xd1d2eb1b1e90b638588728b4130137d262c87cae,eth,,0xa9059cbb,,8964027.405,47,0.02%,75.16%
0xb342e7d33b806544609370271a8d074313b7bc30,bsc,,0x624f82f5,,43197.38857,47,0.02%,75.18%
0x4a364f8c717caad9a442737eb7b8a55cc6cf18d8,bsc,,0x9fbf10fc,,187446.59,47,0.02%,75.21%
0xc929ba60ef82fe55de3bc848dd9453b3b12a0c30,eth,,0x91fa50cc,,183060.6083,47,0.02%,75.23%
0x57e114b691db790c35207b2e685d4a43181e6061,eth,,0x095ea7b3,,758591.7206,46,0.02%,75.26%
0x33ceb27b39d2bb7d2e61f7564d3df29344020417,arb,,0xeea0d7b2,,586485.2222,46,0.02%,75.28%
0x1bb9b64927e0c5e207c9db4093b3738eef5d8447,eth,,0xa9059cbb,,872753.153,46,0.02%,75.30%
0xce16f69375520ab01377ce7b88f5ba8c48f8d666,eth,,0x846a1bc6,,112449.6894,46,0.02%,75.33%
0x7573933eb12fa15d5557b74fdaff845b3baf0ba2,matic,,0x64fb0965,,58566.15,46,0.02%,75.35%
0x9e22ebec84c7e4c4bd6d4ae7ff6f4d436d6d8390,arb,,0x6e553f65,,1640797.738,46,0.02%,75.37%
0xcd5fe23c85820f7b72d0926fc9b05b43e359b7ee,eth,,0x095ea7b3,,2125925.035,46,0.02%,75.40%
0x00000000000000adc04c56bf30ac9d3c0aaf14dc,eth,,0xe7acab24,,64221.71435,46,0.02%,75.42%
0x544ba588efd839d2692fc31ea991cd39993c135f,arb,,0x2646478b,,273605.4592,46,0.02%,75.45%
0x6131b5fae19ea4f9d964eac0408e4408b66337b5,bsc,,0xe21fd0e9,,443918.0147,46,0.02%,75.47%
0x76ba3ec5f5adbf1c58c91e86502232317eea72de,arb,,0x2e1a7d4d,,987112.065,46,0.02%,75.49%
0x80e38291e06339d10aab483c65695d004dbd5c69,linea,,0x2cc4081e,,67154.06733,46,0.02%,75.52%
0xdef171fe48cf0115b1d80b88dc8eab59176fee57,eth,,0xa94e78ef,,693991.6694,46,0.02%,75.54%
0xd1ad8ebfb0fb6306962e48260cf1e8062eb28cfa,eth,,0xa22cb465,,71664.30618,46,0.02%,75.56%
0x3419875b4d3bca7f3fdda2db7a476a79fd31b4fe,eth,,0xa9059cbb,,1724021.24,46,0.02%,75.59%
0xa0d9c1e9e48ca30c8d8c3b5d69ff5dc1f6dffc24,eth,,0x474cf53d,,386695.945,46,0.02%,75.61%
0x150f94b44927f078737562f0fcf3c95c01cc2376,eth,,0x1114cd2a,,1222307.399,45,0.02%,75.63%
0xd8c383de549a4f6da6893e1a8b31d9117268b1ab,eth,,0x02327c0a,,176982.5307,45,0.02%,75.66%
0xb49c4e680174e331cb0a7ff3ab58afc9738d5f8b,op,,0x1114cd2a,,59943.88182,45,0.02%,75.68%
0x47176b2af9885dc6c4575d4efd63895f7aaa4790,eth,,0x7b0472f0,,832449.382,45,0.02%,75.70%
0x09bd2a33c47746ff03b86bce4e885d03c74a8e8c,arb,,0x2646478b,,247449.8285,45,0.02%,75.73%
0xf9ddd38a4e0c3237563dbb651d1a155551e54ad6,op,,0xc00007b0,,11583606.6,45,0.02%,75.75%
0x3442510698c286449341646d2892e3dc205979e2,arb,,0x9a32421a,,112732.68,45,0.02%,75.77%
0x7f39c581f595b53c5cb19bd0b3f8da6c935e2ca0,eth,,0x095ea7b3,,3318166.967,45,0.02%,75.80%
0x00000000000000adc04c56bf30ac9d3c0aaf14dc,arb,,0xf2d12b12,,101580.1943,45,0.02%,75.82%
0xb44adddbf9b19bcdd12f978df8b36723488b9b8b,eth,,0xa22cb465,,956306.3026,45,0.02%,75.84%
0xd4b812dd7134f632c947ca11a2fb0f49082a2483,eth,,0x2e7ba6ef,,1125258.257,44,0.02%,75.87%
0x8cc9502fd26222ab38a25eee76ae4c7493a3fa2a,zksync,,0x7ba0e2e7,,307332.5852,44,0.02%,75.89%
0xa7995f71aa11525db02fc2473c37dee5dbf55107,eth,,0xac9650d8,,13052484.8,44,0.02%,75.91%
0x111111125421ca6dc452d289314280a0f8842a65,bsc,,0x07ed2379,,568783.7374,44,0.02%,75.93%
0xe28b3b32b6c345a34ff64674606124dd5aceca30,eth,,0xa9059cbb,,1702286.5,44,0.02%,75.96%
0xcf97adebad696781e6b75280ba11040a1a20c27a,linea,,0xdeef1c73,,78992.03667,44,0.02%,75.98%
0xd9a442856c234a39a81a089c06451ebaa4306a72,eth,,0x095ea7b3,,2057807.886,44,0.02%,76.00%
0x0000000000000068f116a894984e2db1123eb395,base,,0x87201b41,,1440015.32,44,0.02%,76.02%
0xd1f17b7a6bff962659ed608bcd6d318bb5fbb249,eth,,0xa9059cbb,,1720519.82,44,0.02%,76.05%
0x790d8848bbad7fb92831a9a2092ed3e91b7ffe11,eth,,0x02327c0a,,642630.8249,44,0.02%,76.07%
0x0d8775f648430679a709e98d2b0cb6250d2887ef,eth,,0xa9059cbb,,3404573,44,0.02%,76.09%
0x7dac480d20f322d2ef108a59a465ccb5749371c4,arb,,0xf5c358c6,,2600363.542,43,0.02%,76.11%
0x7cc7e125d83a581ff438608490cc0f7bdff79127,eth,,0xea5ead19,,78668.745,43,0.02%,76.14%
0xae7ab96520de3a18e5e111b5eaab095312d7fe84,eth,,0x23b872dd,,36466.64,43,0.02%,76.16%
0x6352a56caadc4f1e25cd6c75970fa768a3304e64,matic,,0x90411a32,,422007.2431,43,0.02%,76.18%
0x4d224452801aced8b2f0aebe155379bb5d594381,eth,,0xa9059cbb,,2336277.96,43,0.02%,76.20%
0x4aa799c5dfc01ee7d790e3bf1a7c2257ce1dceff,eth,,0xba3598ce,,1404648.96,43,0.02%,76.22%
0x15c905dec8da0a90fa05f8121e8f8285d30ef1f4,eth,,0x84bb1e42,,789137.2184,43,0.02%,76.25%
0x8ccd897ca6160ed76755383b201c1948394328c7,eth,,0x095ea7b3,,125585.8068,43,0.02%,76.27%
0x00000000000000adc04c56bf30ac9d3c0aaf14dc,base,,0x87201b41,,583783.499,43,0.02%,76.29%
0xc6426937d6ef8db8ea49e3c0fda3bf0f24ebd561,eth,,0x23b872dd,,2302.46,42,0.02%,76.31%
0x761ccce4a16a670db9527b1a17eca4216507946f,zksync,,0x7ba0e2e7,,321810.9255,42,0.02%,76.33%
0x25722cd432d02895d9be45f5deb60fc479c8781e,eth,,0xa9059cbb,,3404573,42,0.02%,76.36%
0xce16f69375520ab01377ce7b88f5ba8c48f8d666,bsc,,0x846a1bc6,,112449.6894,42,0.02%,76.38%
0x8657f37439a241ad439ee98ca89a7755ca8c90b4,eth,,0x87b0be48,,67715.346,42,0.02%,76.40%
0x83e6f1e41cdd28eaceb20cb649155049fac3d5aa,eth,,0xa9059cbb,,7494089.79,42,0.02%,76.42%
0x976af522e63fa603b9d48e9207831bffb5dd4829,zksync,,0x7ba0e2e7,,305867.9402,42,0.02%,76.44%
0xf4b1486dd74d07706052a33d31d7c0aafd0659e1,arb,,0x69328dec,,156453.793,41,0.02%,76.46%
0x57e114b691db790c35207b2e685d4a43181e6061,eth,,0xa9059cbb,,825245.0125,41,0.02%,76.48%
0x3f332b469fbc7a580b00b11df384bdbebbd65588,zksync,,0x7ba0e2e7,,332693.6168,41,0.02%,76.51%
0xc02aaa39b223fe8d0a0e5c4f27ead9083c756cc2,eth,,0xa9059cbb,,172405.813,41,0.02%,76.53%
0x94b008aa00579c1307b0ef2c499ad98a8ce58e58,op,,0xa9059cbb,,51204.02864,41,0.02%,76.55%
0xcb0477d1af5b8b05795d89d59f4667b59eae9244,eth,,0xa22cb465,,43053.62681,41,0.02%,76.57%
0x9e53e88dcff56d3062510a745952dec4cefdff9e,base,,0x095ea7b3,,809626.0558,41,0.02%,76.59%
0xe331a7eec851ba702aa8bf43070a178451d6d28e,base,,0xac9650d8,,1362627.95,41,0.02%,76.61%
0x2626664c2603336e57b271c5c0b26f421741e481,base,,0x5ae401dc,,66274.20579,41,0.02%,76.63%
0x3d9907f9a368ad0a51be60f7da3b97cf940982d8,arb,,0x095ea7b3,,408131.9595,41,0.02%,76.65%
0x501b03bdb431154b8df17bf1c00756e3a8f21744,arb,,0xac9650d8,,12506.73,41,0.02%,76.67%
0x6921b130d297cc43754afba22e5eac0fbf8db75b,base,,0x095ea7b3,,170799.5942,41,0.02%,76.70%
0x1495bc9e44af1f8bcb62278d2bec4540cf0c05ea,eth,,0x095ea7b3,,156572.9327,41,0.02%,76.72%
0xe1c14b9f065dead2e89ee35382f8bd42bdb87a04,op,,0x90cc74ac,,27464.18,41,0.02%,76.74%
0xfc10cd3895f2c66d6639ec33ae6360d6cfca7d6d,eth,,0xa9059cbb,,1147520.957,41,0.02%,76.76%
0xf3de3c0d654fda23dad170f0f320a92172509127,eth,,0x9871efa4,,32010.32091,41,0.02%,76.78%
0x7f792db54b0e580cdc755178443f0430cf799aca,eth,,0xa9059cbb,,3404573,41,0.02%,76.80%
0x0c880f6761f1af8d9aa9c466984b80dab9a8c9e8,arb,,0x095ea7b3,,1071192.248,40,0.02%,76.82%
0xe610d563873e67467c8aead41c0db08f31451a7e,op,,0x21ea0c37,,36466.64,40,0.02%,76.84%
0xc55126051b22ebb829d00368f4b12bde432de5da,eth,,0x095ea7b3,,279055.1335,40,0.02%,76.86%
0xc6ade8a68026d582ab37b879d188caf7e405dd09,arb,,0x47e7ef24,,1446759.48,40,0.02%,76.88%
0xdef171fe48cf0115b1d80b88dc8eab59176fee57,eth,,0xa6886da9,,562907.9242,40,0.02%,76.90%
0x5edac380d3057267ec6b05a75d165549ed4e3629,op,,0x21ea0c37,,36466.64,40,0.02%,76.92%
0x6131b5fae19ea4f9d964eac0408e4408b66337b5,arb,,0x8af033fb,,621894.4326,40,0.02%,76.95%
0x10417734001162ea139e8b044dfe28dbb8b28ad0,arb,,0xdb6b5246,,100946.962,40,0.02%,76.97%
0x31f648572b67e60ec6eb8e197e1848cc5f5558de,eth,,0xe9e05c42,,1334467.28,40,0.02%,76.99%
0xb528edbef013aff855ac3c50b381f253af13b997,eth,,0xa9059cbb,,215013.5416,40,0.02%,77.01%
0xb342e7d33b806544609370271a8d074313b7bc30,bsc,,0x1845e789,,44050.898,40,0.02%,77.03%
0x8731d54e9d02c286767d56ac03e8037c07e01e98,eth,,0x9fbf10fc,,1745653.979,40,0.02%,77.05%
0xb3da098a7251a647892203e0c256b4398d131a54,base,,0x1249c58b,,1110770.723,40,0.02%,77.07%
0x26bbea7803dcac346d5f5f135b57cf2c752a02be,base,,0x26c858a4,,61511.14481,40,0.02%,77.09%
0x0001a500a6b18995b03f44bb040a5ffc28e45cb0,eth,,0x23b872dd,,36466.64,39,0.02%,77.11%
0x38e382f74dfb84608f3c1f10187f6bef5951de93,eth,,0xa9059cbb,,174471.103,39,0.02%,77.13%
0xff20817765cb7f73d4bde2e66e067e58d11095c2,eth,,0xa9059cbb,,3404573,39,0.02%,77.15%
0xee8020254c67547cee7ff8df15ddbc1ffa0c477a,zksync,,0x7ba0e2e7,,341641.8785,39,0.02%,77.17%
0x6b3595068778dd592e39a122f4f5a5cf09c90fe2,eth,,0xa9059cbb,,1705689.61,39,0.02%,77.19%
0x5c9321e92ba4eb43f2901c4952358e132163a85a,eth,,0x68cdab9c,,88569.59,39,0.02%,77.21%
0x9b5def958d0f3b6955cbea4d5b7809b2fb26b059,zksync,,0x7b2151e5,,55120.86755,39,0.02%,77.23%
0x83ec81ae54dd8dca17c3dd4703141599090751d1,base,,0x2646478b,,186617.5673,39,0.02%,77.25%
0x1fa66e2b38d0cc496ec51f81c3e05e6a6708986f,zksync,,0xdb6b5246,,68014.068,39,0.02%,77.27%
0x10ed43c718714eb63d5aa57b78b54704e256024e,bsc,,0x791ac947,,158127.5667,39,0.02%,77.29%
0xdc5401279a735ff9f3fab1d73d51d520dc1d8fdf,zksync,,0x7ba0e2e7,,342777.6931,39,0.02%,77.31%
0xe99ead648fb2893d1cfa4e8fe8b67b35572d2581,arb,,0x2e1a7d4d,,122182.73,39,0.02%,77.33%
0x031a782a367a5328ad6044a62d972781f1c72bc2,eth,,0xe0e716c4,,161309.6887,39,0.02%,77.35%
0xcaedc2561356b6a01a94e3c0438011459e91fbb9,base,,0x095ea7b3,,116854.0533,38,0.02%,77.37%
0xadb9d68c613df4aa363b42161e1282117c7b9594,arb,,0xbc6efe31,,181659.04,38,0.02%,77.39%
0xdb46d1dc155634fbc732f92e853b10b288ad5a1d,matic,,0xc5d5d96a,,8484.06,38,0.02%,77.41%
0x3c2f9d813584db751b5ea7829b280b8cd160de7b,zksync,,0x7ba0e2e7,,354203.9653,38,0.02%,77.43%
0x7573933eb12fa15d5557b74fdaff845b3baf0ba2,matic,,0x0ce81dfd,,43126.29,38,0.02%,77.45%
0x06bdf212c290473dcacea9793890c5024c7eb02c,eth,,0x9e27a51b,,6956006.593,38,0.02%,77.47%
0x1bbe973bef3a977fc51cbed703e8ffdefe001fed,eth,,0xa9059cbb,,380034.7236,38,0.02%,77.49%
0x0b2c639c533813f4aa9d7837caf62653d097ff85,op,,0xa9059cbb,,227664.4875,38,0.02%,77.51%
0x01783cbc4e3b7579ca2b2692774f3eace0f611ee,base,,0x2b85ba38,,36466.64,38,0.02%,77.53%
0xa65832eb8ec1b11eb85c9aff38bab6074038d8dc,avax,,0x2b85ba38,,36466.64,38,0.02%,77.55%
0x858646372cc42e1a627fce94aa7a7033e7cf075a,eth,,0xf123991e,,520183.1616,38,0.02%,77.57%
0x44aad22afbb2606d7828ca1f8f9e5af00e779ae1,eth,,0xa9059cbb,,3404573,38,0.02%,77.59%
0x6b175474e89094c44da98b954eedeac495271d0f,eth,,0xa9059cbb,,2703338.68,38,0.02%,77.61%
0x574e69c50e7d13b3d1b364bf0d48285a5ae2df56,matic,,0xf3931d5d,,6093531.36,38,0.02%,77.62%
0xc5183533f98aa1520e6eff0c4b184c8b2c1b781e,base,,0x9dbb844d,,95210.04,37,0.02%,77.64%
0x7ceb23fd6bc0add59e62ac25578270cff1b9f619,matic,,0x23b872dd,,36466.64,37,0.02%,77.66%
0x65bb4831a5790ff81f264d950c72be17d9f17d5d,op,,0x82cee55c,,3226312.76,37,0.02%,77.68%
0xaaa1ee8dc1864ae49185c368e8c64dd780a50fb7,arb,,0x71044ff9,,138668.36,37,0.02%,77.70%
0x1231deb6f5749ef6ce6943a275a1d3e7486f4eae,op,,0xbe1eace7,,275501.4659,37,0.02%,77.72%
0xbb4cdb9cbd36b01bd1cbaebf2de08d9173bc095c,bsc,,0x095ea7b3,,235003.2367,37,0.02%,77.74%
0x308861a430be4cce5502d0a12724771fc6daf216,eth,,0xd0e30db0,,2086244.552,37,0.02%,77.76%
0xaa277cb7914b7e5514946da92cb9de332ce610ef,arb,,0x219f5d17,,136028.5567,37,0.02%,77.78%
0x46b4b78d1cd660819c934e5456363a359fde43f4,eth,,0x2bdcfe72,,1975350.7,37,0.02%,77.80%
0x341e94069f53234fe6dabef707ad424830525715,zksync,,0x4630a0d8,,28355.13917,37,0.02%,77.82%
0xaa277cb7914b7e5514946da92cb9de332ce610ef,arb,,0x42842e0e,,122182.73,37,0.02%,77.83%
0x95ccffae3eb8767d4a941ec43280961dde89f4de,eth,,0xa9059cbb,,3404573,37,0.02%,77.85%
0x1f9840a85d5af5bf1d1762f925bdaddc4201f984,eth,,0xa9059cbb,,2936827.384,37,0.02%,77.87%
0x8f7b0e3407e55834f35e8c6656daccbf9f816964,zksync,,0x7ba0e2e7,,364324.0786,37,0.02%,77.89%
0x5aea5775959fbc2557cc8789bc1bf90a239d9a91,zksync,,0x095ea7b3,,21786.36278,37,0.02%,77.91%
0xc534bb3640a66faf5eae8699fece511e1c331cad,base,,0xe7a79057,,72559.9189,37,0.02%,77.93%
0xac59f7e7e5da0dc4f416a7aeff7a49ac284f10ca,arb,,0x79d6969a,,1215693.618,37,0.02%,77.95%
0xaff9d848021b943da0a1cadef8b83f949ac30c2c,eth,,0xb391c508,,46866.52857,37,0.02%,77.97%
0x767b4a087c11d7581ac95eaffc1febfa26bad3d2,zksync,,0x474cf53d,,60984.3745,36,0.02%,77.99%
0x2a5c0073883e44fff6530e7d7ba6fe703f960a08,arb,,0xfb4d364c,,0,36,0.02%,78.00%
0x111111125421ca6dc452d289314280a0f8842a65,eth,,0x8770ba91,,149299.8124,36,0.02%,78.02%
0x5798c80608ede921e7028a740596b98ae0d8095a,zksync,,0x7ba0e2e7,,354560.5089,36,0.02%,78.04%
0x34be5b8c30ee4fde069dc878989686abe9884470,linea,,0xe139278f,,35758.20642,36,0.02%,78.06%
0xae7ab96520de3a18e5e111b5eaab095312d7fe84,eth,,0xa1903eab,,821731.9453,36,0.02%,78.08%
0x275535f82f287073ceebc653862e4e43868aa65c,base,,0xc00007b0,,197208.94,36,0.02%,78.10%
0x46b66c5ed6789c600df7d3665a0390e4b8696c44,arb,,0x82cee55c,,1885917.51,36,0.02%,78.12%
0x29469395eaf6f95920e59f858042f0e28d98a20b,eth,,0x736da5ad,,118418.355,36,0.02%,78.13%
0x28a92dde19d9989f39a49905d7c9c2fac7799bdf,ftm,,0x095ea7b3,,659175.9286,36,0.02%,78.15%
0x4200000000000000000000000000000000000006,op,,0x2e1a7d4d,,684464.0397,36,0.02%,78.17%
0xd092e42453d6864ea98597461c50190e372d2448,zksync,,0x7ba0e2e7,,350518.7386,36,0.02%,78.19%
0x1fde0d2f44539789256d94d1784a86bf77d66dd0,eth,,0xe2bbb158,,102748.3483,36,0.02%,78.21%
0x00000000000000adc04c56bf30ac9d3c0aaf14dc,matic,,0x00000000,,378896.2657,36,0.02%,78.23%
0xf19308f923582a6f7c465e5ce7a9dc1bec6665b1,eth,,0xbaf20eef,,70559.615,36,0.02%,78.25%
0xc9d0b733adaa1f851639ca47a9a2d8a6c8572bdb,arb,,0x14d9e096,,40363.6155,36,0.02%,78.26%
0xc36442b4a4522e871399cd717abdd847ab11fe88,arb,,0xac9650d8,,759350.3679,36,0.02%,78.28%
0xe8c5b8488feafb5df316be73ede3bdc26571a773,base,,0xe56461ad,,4081.515,36,0.02%,78.30%
0xadde7028e7ec226777e5dea5d53f6457c21ec7d6,zksync,,0x00000187,,36168.18333,36,0.02%,78.32%
0x6b8242e74bb0ef58e20414a93c8c69265e85ef6c,op,,0xc00007b0,,6208964.04,36,0.02%,78.34%
0x00000000000000adc04c56bf30ac9d3c0aaf14dc,base,,0xfd9f1e10,,78845.77247,36,0.02%,78.36%
0x3a23f943181408eac424116af7b7790c94cb97a5,base,,0x00000188,,448885.4725,36,0.02%,78.38%
0x0d97f261b1e88845184f678e2d1e7a98d9fd38de,base,,0x095ea7b3,,856305.9644,36,0.02%,78.39%
0x66d5c66e7c83e0682d947176534242c9f19b3365,eth,,0x095ea7b3,,299235.5406,36,0.02%,78.41%
0xaa277cb7914b7e5514946da92cb9de332ce610ef,arb,,0xfc6f7865,,320985.095,36,0.02%,78.43%
0x1231deb6f5749ef6ce6943a275a1d3e7486f4eae,base,,0x1fd8010c,,271088.9897,36,0.02%,78.45%
0x89b2249d7fbb30765d94c163929cd04b5afa77e3,arb,,0x5e62be25,,169729.988,35,0.02%,78.47%
0xc36442b4a4522e871399cd717abdd847ab11fe88,eth,,0x23b872dd,,2302.46,35,0.02%,78.49%
0xc944e90c64b2c07662a292be6244bdf05cda44a7,eth,,0xa9059cbb,,5979159.903,35,0.02%,78.50%
0xd555498a524612c67f286df0e0a9a64a73a7cdc7,eth,,0x095ea7b3,,239751.105,35,0.02%,78.52%
0xfe0c30065b384f05761f15d0cc899d4f9f9cc0eb,eth,,0xa9059cbb,,647594.6774,35,0.02%,78.54%
0xfdc28cd1bfebf3033870c0344b4e0bee639be9b1,eth,,0x21d0af34,,259371.5322,35,0.02%,78.56%
0xfe0c30065b384f05761f15d0cc899d4f9f9cc0eb,eth,,0x095ea7b3,,136980.9497,35,0.02%,78.58%
0xa7d7079b0fead91f3e65f86e8915cb59c1a4c664,avax,,0x095ea7b3,,81349.4063,35,0.02%,78.59%
0xcb1355ff08ab38bbce60111f1bb2b784be25d7e8,op,,0x3593564c,,127830.2173,35,0.02%,78.61%
0x5aea5775959fbc2557cc8789bc1bf90a239d9a91,zksync,,0x2e1a7d4d,,30139.00897,35,0.02%,78.63%
0x4abca6ce8704a9a4683f41a88655a945fa0e9573,arb,,0x64617461,,22292.84,35,0.02%,78.65%
0x000000000001a36777f9930aaeff623771b13e70,base,,0x4a04a1c9,,709788.9905,35,0.02%,78.67%
0xf57e7e7c23978c3caec3c3548e3d615c346e79ff,eth,,0xa9059cbb,,1151866.953,35,0.02%,78.68%
0x2a21a084bab4e13169b7d4f7f50474aa96c94acd,arb,,0x18ee18e0,,8525146.57,35,0.02%,78.70%
0x6477875a989dfdec22bec8566211ebd949678b88,eth,,0x1ef690c4,,653022.8,34,0.02%,78.72%
0x9f8f72aa9304c8b593d555f12ef6589cc3a579a2,eth,,0xa9059cbb,,3244405.6,34,0.02%,78.74%
0x15e6e0d4ebeac120f9a97e71faa6a0235b85ed12,eth,,0x095ea7b3,,105201.8982,34,0.02%,78.75%
0x18381c0f738146fb694de18d1106bde2be040fa4,zksync,,0x18cbafe5,,29013.4775,34,0.02%,78.77%
0x0000000000000000000000000000000000008006,zksync,,0x9c4d535b,,49301.20854,34,0.02%,78.79%
0xd26114cd6ee289accf82350c8d8487fedb8a0c07,eth,,0xa9059cbb,,8964027.405,34,0.02%,78.81%
0x8f3cf7ad23cd3cadbd9735aff958023239c6a063,matic,,0x095ea7b3,,841585.3612,34,0.02%,78.82%
0xdef1c0ded9bec7f1a1670819833240f027b25eff,eth,,0x7a1eb1b9,,371614.413,34,0.02%,78.84%
0xfe3e6a25e6b192a42a44ecddcd13796471735acf,eth,,0xa9059cbb,,3404573,34,0.02%,78.86%
0x11746fd90091228a97974435d6be5e10bda92f7c,bsc,,0x4641257d,,783326.93,34,0.02%,78.88%
0xdef171fe48cf0115b1d80b88dc8eab59176fee57,arb,,0x46c67b6d,,1358167.136,34,0.02%,78.89%
0xbb4cdb9cbd36b01bd1cbaebf2de08d9173bc095c,bsc,,0x2e1a7d4d,,843586.0832,34,0.02%,78.91%
0x2416092f143378750bb29b79ed961ab195cceea5,arb,,0x095ea7b3,,2848474.541,34,0.02%,78.93%
0x663dc15d3c1ac63ff12e45ab68fea3f0a883c251,bsc,,0x4d8160ba,,55281.48518,34,0.02%,78.95%
0x663dc15d3c1ac63ff12e45ab68fea3f0a883c251,arb,,0x4d8160ba,,55281.48518,34,0.02%,78.96%
0x12ef10a4fc6e1ea44b4ca9508760ff51c647bb71,eth,,0x095ea7b3,,230769.6933,34,0.02%,78.98%
0xdef1c0ded9bec7f1a1670819833240f027b25eff,eth,,0x0f3b31b2,,2981034.924,34,0.02%,79.00%
0xfaba6f8e4a5e8ab82f62fe7c39859fa577269be3,eth,,0xa9059cbb,,655822.5901,34,0.02%,79.02%
0xb64ef51c888972c908cfacf59b47c1afbc0ab8ac,eth,,0xa9059cbb,,1707639.09,34,0.02%,79.03%
0xaccba5e852ab85e5e3a84bc8e36795bd8cec5c73,matic,,0x7ac09bf7,,224832.628,34,0.02%,79.05%
0x4d2d32d8652058bf98c772953e1df5c5c85d9f45,bsc,,0x095ea7b3,,138263.0857,34,0.02%,79.07%
0x67ed4125ae9e06259e5d490ea4d6e77fa151da3c,matic,,0x3183d9ef,,1126.4,34,0.02%,79.09%
0x609c690e8f7d68a59885c9132e812eebdaaf0c9e,eth,,0x4cd480bd,,216838.9562,34,0.02%,79.10%
0x4514463de07f4edda81ad33e2c3121d4b3590454,arb,,0x2f91bfe6,,503524.865,33,0.02%,79.12%
0xdef171fe48cf0115b1d80b88dc8eab59176fee57,arb,,0x2298207a,,160566.543,33,0.02%,79.14%
0xb31f66aa3c1e785363f0875a1b74e27b85fd66c7,avax,,0x095ea7b3,,738409.899,33,0.02%,79.16%
0xaea46a60368a7bd060eec7df8cba43b7ef41ad85,eth,,0xa9059cbb,,5985753.853,33,0.02%,79.17%
0xfee9c0a1fe38e56494b913786534760165b495ab,base,,0xc00007b0,,11583606.6,33,0.02%,79.19%
0x281a95769916555d1c97036e0331b232b16edabc,linea,,0xf160619b,,31493.00489,33,0.02%,79.21%
0x00000000000000adc04c56bf30ac9d3c0aaf14dc,eth,,0xb3a34c4c,,1416891.492,33,0.02%,79.22%
0xdef1c0ded9bec7f1a1670819833240f027b25eff,eth,,0xf35b4733,,979195.75,33,0.02%,79.24%
0x7130d2a12b9bcbfae4f2634d864a1ee1ce3ead9c,bsc,,0x095ea7b3,,927828.5306,33,0.02%,79.26%
0x9f5417dc26622a4804aa4852dfbf75db6f8c6f9f,zksync,,0x7ba0e2e7,,394830.1855,33,0.02%,79.27%
0x1231deb6f5749ef6ce6943a275a1d3e7486f4eae,base,,0xbe1eace7,,275501.4659,33,0.02%,79.29%
0x32400084c286cf3e17e7b677ea9583e60a000324,eth,,0xeb672419,,77932.16143,33,0.02%,79.31%
0x9465fe0e8cdf4e425e0c59b7caeccc1777dc6695,bsc,,0x9b7d30dd,,83414.105,33,0.02%,79.33%
0x65bb4831a5790ff81f264d950c72be17d9f17d5d,op,,0x9c421449,,3226312.76,33,0.02%,79.34%
0x847e31745ca93223e5b20f23727fd3ee71feb5f8,matic,,0x3183d9ef,,1126.4,33,0.02%,79.36%
0x2af864fb54b55900cd58d19c7102d9e4fa8d84a3,base,,0x095ea7b3,,89968.2338,33,0.02%,79.38%
0x3a1d0952809f4948d15ebce8d345962a282c4fcb,bsc,,0xc2b79e98,,454867.3611,32,0.02%,79.39%
0x1a1ec25dc08e98e5e93f1104b5e5cdd298707d31,matic,,0x5f575529,,22996.8992,32,0.02%,79.41%
0xf9cfb8a62f50e10adde5aa888b44cf01c5957055,base,,0xa80a1edd,,51576.035,32,0.02%,79.43%
0xe53ec727dbdeb9e2d5456c3be40cff031ab40a55,eth,,0xa9059cbb,,3404573,32,0.02%,79.44%
0xa1d8f6a8ec2236a9919eb7e990bb27791c139a37,base,,0xc00007b0,,11583606.6,32,0.02%,79.46%
0x398baa6ffc99126671ab6be565856105a6118a40,avax,,0xeae93ee7,,139677.26,32,0.02%,79.48%
0xfd086bc7cd5c481dcc9c85ebe478a1c0b69fcbb9,arb,,0x23b872dd,,36466.64,32,0.02%,79.49%
0x4acfd43dad13c5312fd0021c837167d294d7fcf9,base,,0xc00007b0,,424765.155,32,0.02%,79.51%
0xaf73e189924766d2ae8ecc63b92d0b1fed46f63b,base,,0x9dbb844d,,1364126.811,32,0.02%,79.52%
0xd77b108d4f6cefaa0cae9506a934e825becca46e,arb,,0x095ea7b3,,255059.8354,32,0.02%,79.54%
0xa669e7a0d4b3e4fa48af2de86bd4cd7126be4e13,arb,,0x84a7f3dd,,157205.28,32,0.02%,79.56%
0xd7f1dd5d49206349cae8b585fcb0ce3d96f1696f,arb,,0x83d13e01,,12163.14396,32,0.02%,79.57%
0x16613524e02ad97edfef371bc883f2f5d6c480a5,base,,0x666256aa,,899904.425,32,0.02%,79.59%
0x280f009e7573f400c1ddeaff4cf1e4750f46fc8e,arb,,0x837d8cf4,,36466.64,32,0.02%,79.61%
0xdef1c0ded9bec7f1a1670819833240f027b25eff,bsc,,0x415565b0,,651533.6723,32,0.02%,79.62%
0xe0c38b2a8d09aad53f1c67734b9a95e43d5981c0,ftm,,0x7c025200,,524839.4689,32,0.02%,79.64%
0x29bbf7ebb9c5146c98851e76a5529985e4052116,arb,,0xefb7dbb8,,24915.61,32,0.02%,79.66%
0x02e1eb4547a6869da1e416cfd5916c213655aa24,zksync,,0x7ba0e2e7,,415340.4252,31,0.02%,79.67%
0x6131b5fae19ea4f9d964eac0408e4408b66337b5,bsc,,0x8af033fb,,621894.4326,31,0.02%,79.69%
0x8658047e48cc09161f4152c79155dac1d710ff0a,eth,,0x4e1028ba,,6337838.92,31,0.02%,79.70%
0x02950460e2b9529d0e00284a5fa2d7bdf3fa4d72,eth,,0x3df02124,,1501225.141,31,0.02%,79.72%
0x35fa164735182de50811e8e2e824cfb9b6118ac2,eth,,0x095ea7b3,,2045731.064,31,0.02%,79.74%
0x2b81945875f892aff04af0a298d35fb2cf848c7b,eth,,0xa9059cbb,,3404573,31,0.02%,79.75%
0xb7037457de15fed6cbecc0c62d5d610834b958ec,eth,,0x095ea7b3,,99174.41412,31,0.02%,79.77%
0x1a0ad011913a150f69f6a19df447a0cfd9551054,eth,,0xe9e05c42,,28953.16727,31,0.02%,79.78%
0x34be5b8c30ee4fde069dc878989686abe9884470,linea,,0xf5298aca,,38671.0129,31,0.02%,79.80%
0x8db531fe6bea7b474c7735879e9a1000e819bd1d,op,,0xd393c871,,138050.3653,31,0.02%,79.82%
0xcd5fe23c85820f7b72d0926fc9b05b43e359b7ee,eth,,0x2c04709e,,2668423.211,31,0.02%,79.83%
0x46b66c5ed6789c600df7d3665a0390e4b8696c44,arb,,0x9c421449,,1885917.51,31,0.02%,79.85%
0x6ab0ca9c94fde313a3a1d34a8247ae6065bd2e73,ftm,,0x3593564c,,77310.6743,31,0.02%,79.86%
0x756fc5e6bdb26a85594346d7d0520e1c0e492452,base,,0x6f816a20,,3464453.394,31,0.02%,79.88%
0x3a23f943181408eac424116af7b7790c94cb97a5,arb,,0x00000187,,159966.063,31,0.02%,79.90%
0x912529007bc0d2a5464a6a211ebfe217dfb75dff,eth,,0x095ea7b3,,148421.321,31,0.02%,79.91%
0xcb19f6828bc3203b1f133783a16e7d77671660bd,eth,,0xa0712d68,,83335.91667,31,0.02%,79.93%
0xde41799de5fb357f501dd9386acee424e816f7a6,base,,0xc00007b0,,116854.0533,31,0.02%,79.94%
0xdef1c0ded9bec7f1a1670819833240f027b25eff,arb,,0xdac748d4,,1731246.153,31,0.02%,79.96%
0x628245ecedb180e4ccbe31a3c05e19b6bcbd1f8e,eth,,0x4e71d92d,,761725.0721,31,0.02%,79.98%
0xadb9d68c613df4aa363b42161e1282117c7b9594,arb,,0x807cb86a,,156944.105,31,0.02%,79.99%
0xecbee1a087aa83db1fcc6c2c5effc30bcb191589,linea,,0xf648253d,,36686.76516,31,0.02%,80.01%
0x4515a45337f461a11ff0fe8abf3c606ae5dc00c9,mantle,,0x095ea7b3,,95657.93,31,0.02%,80.02%
0x79f316c45e9b62638a8304ffffa9806439b69d44,mantle,,0x4e71d92d,,95657.93,31,0.02%,80.04%
0xfb09122d1e17170c1807bfc1ef3c614bd85e1b6e,eth,,0xa9059cbb,,3404573,31,0.02%,80.06%
0xc0b4ab5cb0fdd6f5dfddb2f7c10c4c6013f97bf2,linea,,0x1249c58b,,36540.31,31,0.02%,80.07%
0x6cf727d9089a07e44607bea30f5e687983ca6aa1,base,,0x095ea7b3,,140669.7652,30,0.02%,80.09%
0xb2dab6190487cdc05a3bc815da4143b5868d1171,matic,,0x21ea0c37,,36466.64,30,0.02%,80.10%
0x00000000000000adc04c56bf30ac9d3c0aaf14dc,arb,,0x00000000,,378896.2657,30,0.02%,80.12%
0x10ed43c718714eb63d5aa57b78b54704e256024e,bsc,,0x5c11d795,,80151.95,30,0.02%,80.13%
0x2a5c54c625220cb2166c94dd9329be1f8785977d,op,,0xf5c358c6,,3824119.961,30,0.02%,80.15%
0x1c62d55080bec65c0bbc6dff1c0113fae6045091,arb,,0x4e71d92d,,138104.0667,30,0.02%,80.16%
0xdef1c0ded9bec7f1a1670819833240f027b25eff,eth,,0x77725df6,,2502991.386,30,0.02%,80.18%
0xdef171fe48cf0115b1d80b88dc8eab59176fee57,eth,,0xb2f1e6db,,149280.3125,30,0.02%,80.19%
0x50c5725949a6f0c72e6c4a641f24049a917db0cb,base,,0x095ea7b3,,150934.8538,30,0.02%,80.21%
0xce0e4e4d2dc0033ce2dbc35855251f4f3d086d0a,matic,,0xcfc93274,,49185.66816,30,0.02%,80.23%
0x372fcf314d6c42e686bb078f348f11434e518858,polygon-mumbai,,0x6c6f6c2c,,0,30,0.02%,80.24%
0x254eaede62ad856ff892379a1a547213a355afdb,arb,,0x91d52567,,124743.3525,30,0.02%,80.26%
0xb18b7847072117ae863f71f9473d555d601eb537,linea,,0x14f710fe,,37769.668,30,0.02%,80.27%
0x6e2b76966cbd9cf4cc2fa0d76d24d5241e0abc2f,zksync,,0x12aa3caf,,1805322.24,30,0.02%,80.29%
0x9234f83473c03be04358afc3497d6293b2203288,eth,,0x2e7ba6ef,,48556.305,30,0.02%,80.30%
0xa65832eb8ec1b11eb85c9aff38bab6074038d8dc,avax,,0x837d8cf4,,36466.64,30,0.02%,80.32%
0x5b7533812759b45c2b44c19e320ba2cd2681b542,eth,,0xa9059cbb,,3404573,30,0.02%,80.33%
0x66cd7d0cc677f42f6662622c60a5e60ef573db67,arb,,0x3b718dc6,,83381.01667,30,0.02%,80.35%
0x571d9b73dc04ed88b4e273e048c8d4848f83b779,eth,,0xa9059cbb,,3404573,30,0.02%,80.36%
0x539bde0d7dbd336b79148aa742883198bbf60342,arb,,0x095ea7b3,,94365.436,30,0.02%,80.38%
0xc13e21b648a5ee794902342038ff3adab66be987,eth,,0x573ade81,,7309814.073,30,0.02%,80.40%
0x1195cf65f83b3a5768f3c496d3a05ad6412c64b7,arb,,0x0bdd6875,,29041.70962,30,0.02%,80.41%
0x00ff66ab8699aafa050ee5ef5041d1503aa0849a,eth,,0x2e1a7d4d,,30362172.7,30,0.02%,80.43%
0xeaee7ee68874218c3558b40063c42b82d3e7232a,mantle,,0x38ed1739,,95657.93,30,0.02%,80.44%
0xd33526068d116ce69f19a9ee46f0bd304f21a51f,eth,,0xa9059cbb,,3404573,30,0.02%,80.46%
0xa756f7d419e1a5cbd656a438443011a7de1955b5,mantle,,0x6ba4c138,,95657.93,30,0.02%,80.47%
0x0439e60f02a8900a951603950d8d4527f400c3f1,eth,,0x3ce33bff,,64174.5975,30,0.02%,80.49%
0x00c7f3082833e796a5b3e4bd59f6642ff44dcd15,arb,,0xac9650d8,,51861.535,30,0.02%,80.50%
0x2e660787bceccd39f67b8190a5bc4fc3ad3b64f7,arb,,0x3ef009ef,,1805078.694,30,0.02%,80.52%
0x64d5fea7d2d600918b76159285994d6ed218f264,eth,,0x095ea7b3,,104191.2563,30,0.02%,80.53%
0x38d64ce1bdf1a9f24e0ec469c9cade61236fb4a0,eth,,0x095ea7b3,,2454132.021,29,0.01%,80.55%
0xde8cd13b812bcd82218754a740b27e76ec1e86ad,eth,,0x095ea7b3,,163390.6605,29,0.01%,80.56%
0x3a23f943181408eac424116af7b7790c94cb97a5,matic,,0x37c6145a,,24380.86442,29,0.01%,80.58%
0x8881562783028f5c1bcb985d2283d5e170d88888,eth,,0x095ea7b3,,613339.4165,29,0.01%,80.59%
0xcec1d4eff7d6a785447ff48c336fee57a29804d0,base,,0xc00007b0,,834321.5,29,0.01%,80.61%
0x1231deb6f5749ef6ce6943a275a1d3e7486f4eae,op,,0x4630a0d8,,216928.1442,29,0.01%,80.62%
0x1dadfeecddc23cf80b1fe2c3b3badec84ffae19e,bsc,,0x21ea0c37,,36466.64,29,0.01%,80.64%
0x7a250d5630b4cf539739df2c5dacb4c659f2488d,eth,,0xb6f9de95,,494.2743445,29,0.01%,80.65%
0x64848eefbc2921102a153b08fa64536ae1f8e937,zksync,,0xa4d73041,,20602.50429,29,0.01%,80.67%
0xb9f599ce614feb2e1bbe58f180f370d05b39344e,eth,,0x095ea7b3,,317588.966,29,0.01%,80.68%
0xce16f69375520ab01377ce7b88f5ba8c48f8d666,base,,0x846a1bc6,,112449.6894,29,0.01%,80.70%
0x628245ecedb180e4ccbe31a3c05e19b6bcbd1f8e,eth,,0xe9b5b662,,663607.7286,29,0.01%,80.71%
0xb62132e35a6c13ee1ee0f84dc5d40bad8d815206,eth,,0xa9059cbb,,3404573,29,0.01%,80.73%
0x66ccc220543b6832f93c2082edd7be19c21df6c0,linea,,0xefef39a1,,36227.47828,29,0.01%,80.74%
0xd1a3abf42f9e66be86cfdea8c5c2c74f041c5e14,linea,,0x5b7d7482,,38593.91577,29,0.01%,80.76%
0x59c7c832e96d2568bea6db468c1aadcbbda08a52,base,,0x2298207a,,55916.545,29,0.01%,80.77%
0xbb5ca40b2f7af3b1ff5dbce0e9cc78f8bfa817ce,arb,,0x80500d20,,947917.2,29,0.01%,80.79%
0x4752ba5dbc23f44d87826276bf6fd6b1c372ad24,base,,0x791ac947,,109381.549,29,0.01%,80.80%
0xfaba6f8e4a5e8ab82f62fe7c39859fa577269be3,eth,,0x095ea7b3,,163497.2189,29,0.01%,80.82%
0x53e0bca35ec356bd5dddfebbd1fc0fd03fabad39,matic,,0x23b872dd,,36466.64,29,0.01%,80.83%
0xc32eb36f886f638fffd836df44c124074cfe3584,arb,,0xd44f70b4,,6733672.704,29,0.01%,80.85%
0x70bf27bbb562a9b21fe6eaf2b7832c476691a39f,linea,,0x1eedb607,,35546.72294,28,0.01%,80.86%
0x0000000000000068f116a894984e2db1123eb395,arb,,0x00000000,,336449.559,28,0.01%,80.88%
0x6131b5fae19ea4f9d964eac0408e4408b66337b5,ftm,,0xe21fd0e9,,443918.0147,28,0.01%,80.89%
0x858646372cc42e1a627fce94aa7a7033e7cf075a,eth,,0xa782d945,,593384.4312,28,0.01%,80.91%
0x40a7df3df8b56147b781353d379cb960120211d7,eth,,0xa9059cbb,,1638765.051,28,0.01%,80.92%
0x764fa09d0b3de61eed242099bd9352c1c61d3d27,arb,,0xac9650d8,,12506.73,28,0.01%,80.93%
0x84ca8bc7997272c7cfb4d0cd3d55cd942b3c9419,eth,,0xa9059cbb,,3404573,28,0.01%,80.95%
0x3355df6d4c9c3035724fd0e3914de96a5a83aaf4,zksync,,0xa9059cbb,,104662.8747,28,0.01%,80.96%
0x2ad9addd0d97ec3cdba27f92bf6077893b76ab0b,eth,,0xa9059cbb,,1711686.53,28,0.01%,80.98%
0xed4040fd47629e7c8fbb7da76bb50b3e7695f0f2,zksync,,0x095ea7b3,,9590.54563,28,0.01%,80.99%
0x29bbf7ebb9c5146c98851e76a5529985e4052116,arb,,0x6b69e342,,24915.61,28,0.01%,81.01%
0x00000000005bbb0ef59571e58418f9a4357b68a0,arb,,0xc81f847a,,2999817.363,28,0.01%,81.02%
0xf3de3c0d654fda23dad170f0f320a92172509127,eth,,0x0d5f0e3b,,224799.291,28,0.01%,81.04%
0x1111111254eeb25477b68fb85ed929f73a960582,bsc,,0x0502b1c5,,506643.8184,28,0.01%,81.05%
0xd41ac492fedc671eb965707d1dedad4eb7b6efc5,linea,,0x48e33382,,30356.91219,28,0.01%,81.06%
0x4d7dfda65b44ee60b85744f62696e3842187957c,eth,,0x21ea0c37,,36466.64,28,0.01%,81.08%
0x44971abf0251958492fee97da3e5c5ada88b9185,eth,,0xa9059cbb,,1835178.74,28,0.01%,81.09%
0x82df40dea5e618725e7c7fb702b80224a1bb771f,eth,,0x8dbdbe6d,,11583606.6,28,0.01%,81.11%
0x00000000000000adc04c56bf30ac9d3c0aaf14dc,eth,,0xed98a574,,1390093.719,28,0.01%,81.12%
0x0023923d3cd59f30666c16d70a90bbb640c1370a,eth,,0x23b872dd,,2302.46,28,0.01%,81.14%
0x00000000000000adc04c56bf30ac9d3c0aaf14dc,eth,,0xa8174404,,70725.658,28,0.01%,81.15%
0x9774558534036ff2e236331546691b4eb70594b1,arb,,0xe2bbb158,,69695.8625,28,0.01%,81.17%
0x3e362038fd3d08887d498944d489af7909619a9b,eth,,0xa9059cbb,,3404573,28,0.01%,81.18%
0x45a01e4e04f14f7a4a6702c74187c5f6222033cd,avax,,0x9fbf10fc,,69855.3233,28,0.01%,81.19%
0xadde7028e7ec226777e5dea5d53f6457c21ec7d6,zksync,,0x00000185,,24234.08111,28,0.01%,81.21%
0x3a23f943181408eac424116af7b7790c94cb97a5,arb,,0x37c6145a,,24380.86442,28,0.01%,81.22%
0x3a23f943181408eac424116af7b7790c94cb97a5,arb,,0x00000012,,218094.7918,27,0.01%,81.24%
0x777b425f6bf8474b0e61f42e880d09e610a9400e,matic,,0x1249c58b,,24286.45571,27,0.01%,81.25%
0x68b3465833fb72a70ecdf485e0e4c7bd8665fc45,eth,,0x5ae401dc,,130518.264,27,0.01%,81.26%
0xf048b12eced04edd40c47e64906283db77f6c608,matic,,0x34c8bd34,,23950.88083,27,0.01%,81.28%
0x0000000000000068f116a894984e2db1123eb395,base,,0xfd9f1e10,,28586.15312,27,0.01%,81.29%
0x1231deb6f5749ef6ce6943a275a1d3e7486f4eae,arb,,0x3a3f7332,,357828.9335,27,0.01%,81.31%
0x8e5d083ba7a46f13afccc27bfb7da372e9dfef22,arb,,0x629337c6,,2082959.44,27,0.01%,81.32%
0x95ad61b0a150d79219dcf64e1e6cc01f0b64c4ce,eth,,0x23b872dd,,36466.64,27,0.01%,81.33%
0x5d340658400e1d2352262c7c361ace0366bf6c24,arb,,0x1249c58b,,67914.62519,27,0.01%,81.35%
0x853d955acef822db058eb8505911ed77f175b99e,eth,,0x095ea7b3,,1232007.468,27,0.01%,81.36%
0x814e0908b12a99fecf5bc101bb5d0b8b5cdf7d26,eth,,0xa9059cbb,,3404573,27,0.01%,81.38%
0xf4c8e32eadec4bfe97e0f595add0f4450a863a11,bsc,,0x095ea7b3,,915072.8173,27,0.01%,81.39%
0x18381c0f738146fb694de18d1106bde2be040fa4,zksync,,0x7ff36ab5,,29602.72421,27,0.01%,81.40%
0xab85fc558d722a2b7c040ffb77db676bd9e7d322,eth,,0xa9059cbb,,1720519.82,27,0.01%,81.42%
0xf951e335afb289353dc249e82926178eac7ded78,eth,,0x095ea7b3,,116707.2745,27,0.01%,81.43%
0x2ebbd79cb7f7ef54f9e5e2a709f859c819147327,arb,,0x33cfcd3b,,43469.47,27,0.01%,81.45%
0x00000f312c54d0dd25888ee9cdc3dee988700000,matic,,0x065573f8,,36466.64,27,0.01%,81.46%
0x1231deb6f5749ef6ce6943a275a1d3e7486f4eae,arb,,0xed178619,,97225.31118,27,0.01%,81.47%
0x254eaede62ad856ff892379a1a547213a355afdb,arb,,0x6a760b80,,124743.3525,27,0.01%,81.49%
0x26c7d02489286afafcbef0719f6ef702c4c5f83a,arb,,0x82cee55c,,1273959.96,27,0.01%,81.50%
0x427a8f2e608e185eece69aca15e535cd6c36aad8,op,,0x9dbb844d,,4418222.403,27,0.01%,81.52%
0x398baa6ffc99126671ab6be565856105a6118a40,avax,,0xbe167b9d,,70329.035,27,0.01%,81.53%
0x2a5c54c625220cb2166c94dd9329be1f8785977d,op,,0xa0712d68,,3115757.275,27,0.01%,81.54%
0xef4fb24ad0916217251f553c0596f8edc630eb66,op,,0xb9303701,,152525.0345,27,0.01%,81.56%
0x00000000ede6d8d217c60f93191c060747324bca,arb,,0xc9ccb402,,317310.81,27,0.01%,81.57%
0x1812d05671eefa040ac605a0198476ded081d520,op,,0x126928c4,,15188339.6,27,0.01%,81.58%
0x45f1a95a4d3f3836523f5c83673c797f4d4d263b,base,,0x9fbf10fc,,110092.012,27,0.01%,81.60%
0x7509c18b61be849ecd8167e3dee62bb05c078f84,eth,,0x02327c0a,,102687.3418,27,0.01%,81.61%
0x7f5c764cbc14f9669b88837ca1490cca17c31607,op,,0xa9059cbb,,182156.2707,27,0.01%,81.63%
0x3611cd2b957514222a94c93e1a9a5be66b0b2841,arb,,0xac9650d8,,66711.44,27,0.01%,81.64%
0x8700daec35af8ff88c16bdf0418774cb3d7599b4,op,,0x095ea7b3,,479340.1463,27,0.01%,81.65%
0x0e1f20075c90ab31fc2dd91e536e6990262cf76d,matic,,0x126928c4,,19606.92667,27,0.01%,81.67%
0x9e247f9a6a58b997d67f72705f11568a69d25576,arb,,0xfb4d364c,,6282.22,27,0.01%,81.68%
0x90c8e0f9441b6045b99c9f90aa4812f6ff26bbb1,eth,,0x2b85ba38,,36466.64,27,0.01%,81.70%
0x63ce21bd9af8cc603322cb025f26db567de8102b,linea,,0xfb89f3b1,,39400.14115,27,0.01%,81.71%
0x76ba3ec5f5adbf1c58c91e86502232317eea72de,arb,,0x7fd7d062,,3101443.71,27,0.01%,81.72%
0x9a202c932453fb3d04003979b121e80e5a14ee7b,base,,0xc00007b0,,4181997.617,26,0.01%,81.74%
0x0b2402144bb366a632d14b83f244d2e0e21bd39c,arb,,0xc6878519,,2637881.99,26,0.01%,81.75%
0x069d89974f4edabde69450f9cf5cf7d8cbd2568d,eth,,0x095ea7b3,,100145.8075,26,0.01%,81.76%
0xe062995ddec38745bc145e9cc2ff981f6bd08201,eth,,0x8132b321,,236857.3988,26,0.01%,81.78%
0xaf88d065e77c8cc2239327c5edb3a432268e5831,arb,,0x23b872dd,,36466.64,26,0.01%,81.79%
0x3a23f943181408eac424116af7b7790c94cb97a5,base,,0x00000192,,250605.3,26,0.01%,81.80%
0x68f216bde507f6ce6c66955d1b4216a402e94cf3,base,,0xae017f7c,,122748.528,26,0.01%,81.82%
0x1111111254eeb25477b68fb85ed929f73a960582,avax,,0x12aa3caf,,422381.7508,26,0.01%,81.83%
0xdeedc540b58d2089e834876f5eca778ffc507993,arb,,0x49b92d5e,,2921872.98,26,0.01%,81.84%
0xab226c1d6a4362423405816851748f1f866f5583,eth,,0x23b872dd,,2302.46,26,0.01%,81.86%
0x3fc91a3afd70395cd496c647d5a6cc9d4b2b7fad,base,,0x24856bc3,,120536.9243,26,0.01%,81.87%
0x6774bcbd5cecef1336b5300fb5186a12ddd8b367,eth,,0xb2267a7b,,1327548.738,26,0.01%,81.88%
0x61366a4e6b1db1b85dd701f2f4bfa275ef271197,base,,0x095ea7b3,,4381147.82,26,0.01%,81.90%
0x0e09fabb73bd3ade0a17ecc321fd13a19e81ce82,bsc,,0x095ea7b3,,854152.6884,26,0.01%,81.91%
0x915e38897c92e6b62757c55a30f42c64a3a40035,matic,,0xc002c4d6,,244588.835,26,0.01%,81.92%
0xc0e02aa55d10e38855e13b64a8e1387a04681a00,arb,,0xe56461ad,,22939.18455,26,0.01%,81.94%
0xeb51b8dc2d43469c0f0b7365c8a18438907bdf21,eth,,0xa9059cbb,,3404573,26,0.01%,81.95%
0x1111111254eeb25477b68fb85ed929f73a960582,op,,0xe449022e,,427128.3733,26,0.01%,81.96%
0xcb0477d1af5b8b05795d89d59f4667b59eae9244,eth,,0x42842e0e,,36510.55625,26,0.01%,81.98%
0x756fc5e6bdb26a85594346d7d0520e1c0e492452,base,,0x240f9774,,3464453.394,26,0.01%,81.99%
0x08aa7480824f5b953a997d62a545382fe6071981,arb,,0x7a8505e6,,223834.9517,26,0.01%,82.00%
0x00000f312c54d0dd25888ee9cdc3dee988700000,avax,,0x065573f8,,36466.64,26,0.01%,82.02%
0x3005003bda885dee7c74182e5fe336e9e3df87bb,eth,,0x095ea7b3,,173013.335,26,0.01%,82.03%
0xb0d502e938ed5f4df2e681fe6e419ff29631d62b,op,,0x9fbf10fc,,124927.5492,26,0.01%,82.04%
0xdef171fe48cf0115b1d80b88dc8eab59176fee57,eth,,0x2298207a,,160566.543,26,0.01%,82.06%
0x77edae6a5f332605720688c7fda7476476e8f83f,eth,,0x0938b20b,,0,26,0.01%,82.07%
0x9bb4d44e6963260a1850926e8f6beb8d5803836f,base,,0x8bf122da,,1032650.267,26,0.01%,82.09%
0x00000000005bbb0ef59571e58418f9a4357b68a0,arb,,0x05eb5327,,642273.618,26,0.01%,82.10%
0x3bbbb6a231d0a1a12c6b79ba5bc2ed6358db5160,eth,,0x4000aea0,,149944.7353,26,0.01%,82.11%
0x0b38210ea11411557c13457d4da7dc6ea731b88a,eth,,0xa9059cbb,,3404573,26,0.01%,82.13%
0x87870bca3f3fd6335c3f4ce8392d69350b4fa4e2,eth,,0xa415bcad,,3246211.964,26,0.01%,82.14%
0x7d2768de32b0b80b7a3454c06bdac94a69ddc7a9,eth,,0xab9c4b5d,,660150.66,26,0.01%,82.15%
0xa0dd6dd7775e93eb842db0aa142c9c581031ed3b,eth,,0xa9059cbb,,1714183.24,26,0.01%,82.17%
0x2ae3f1ec7f1f5012cfeab0185bfc7aa3cf0dec22,base,,0x095ea7b3,,4974099.481,26,0.01%,82.18%
0x3335733c454805df6a77f825f266e136fb4a3333,eth,,0xe1fcde8e,,53580.38266,26,0.01%,82.19%
0xadde7028e7ec226777e5dea5d53f6457c21ec7d6,zksync,,0x37c6145a,,19320.88091,26,0.01%,82.21%
0x00000000000000adc04c56bf30ac9d3c0aaf14dc,arb,,0xfd9f1e10,,78845.77247,26,0.01%,82.22%
0xc61d3c70cfc9dedaa090fdd0760eb9291253feff,arb,,0xdd467064,,3906012.64,26,0.01%,82.23%
0x26c7d02489286afafcbef0719f6ef702c4c5f83a,arb,,0x9c421449,,1273959.96,26,0.01%,82.25%
0xaaa6c1e32c55a7bfa8066a6fae9b42650f262418,arb,,0x095ea7b3,,2691928.047,26,0.01%,82.26%
0x3082cc23568ea640225c2467653db90e9250aaa0,arb,,0x095ea7b3,,538007.2911,26,0.01%,82.27%
0x090185f2135308bad17527004364ebcc2d37e5f6,eth,,0xa9059cbb,,1702950.65,26,0.01%,82.29%
0x7a250d5630b4cf539739df2c5dacb4c659f2488d,eth,,0x791ac947,,76747.41123,26,0.01%,82.30%
0x20f0b18bdde8e3dd0e42c173062ebdd05c421151,base,,0x7c025200,,445680.18,26,0.01%,82.31%
0xc13e21b648a5ee794902342038ff3adab66be987,eth,,0xa415bcad,,10856399.82,26,0.01%,82.33%
0x1195cf65f83b3a5768f3c496d3a05ad6412c64b7,matic,,0xd123b4d8,,25580.2075,26,0.01%,82.34%
0x87870bca3f3fd6335c3f4ce8392d69350b4fa4e2,eth,,0x69328dec,,6718520.81,26,0.01%,82.35%
0x3a23f943181408eac424116af7b7790c94cb97a5,op,,0x00000194,,34113.58733,26,0.01%,82.37%
0x4752ba5dbc23f44d87826276bf6fd6b1c372ad24,base,,0x7ff36ab5,,256177.765,26,0.01%,82.38%
0xb8d98a102b0079b69ffbc760c8d857a31653e56e,base,,0x095ea7b3,,155094.6917,26,0.01%,82.39%
0x9d39a5de30e57443bff2a8307a4256c8797a3497,eth,,0x6e553f65,,1999585.163,26,0.01%,82.41%
0x767b4a087c11d7581ac95eaffc1febfa26bad3d2,zksync,,0x80500d20,,94946.17091,25,0.01%,82.42%
0x51318b7d00db7acc4026c88c3952b66278b6a67f,arb,,0x095ea7b3,,514218.33,25,0.01%,82.43%
0x0000000000000068f116a894984e2db1123eb395,eth,,0xfd9f1e10,,28586.15312,25,0.01%,82.44%
0x8286d601a0ed6cf75e067e0614f73a5b9f024151,linea,,0x7859bb8d,,37188.87875,25,0.01%,82.46%
0xea930c80d8eac45993d127055e718555e7155fb1,base,,0x095ea7b3,,10217.976,25,0.01%,82.47%
0x7b7dad77e4090160f9cb6ba57a5a774c12d4c28a,eth,,0x23b872dd,,2302.46,25,0.01%,82.48%
0x04aebe2e4301cdf5e9c57b01ebdfe4ac4b48dd13,eth,,0x9f40a7b3,,117207.11,25,0.01%,82.50%
0x0d500b1d8e8ef31e21c99d1db9a6444d3adf1270,matic,,0xd0e30db0,,22775.16529,25,0.01%,82.51%
0x1e65e48532f6cf9747774777f3f1f6dc6cf0d81b,arb,,0xd29b4abc,,90731.83211,25,0.01%,82.52%
0x03b8d129a8f6dc62a797b59aa5eebb11ad63dada,eth,,0x23b872dd,,2302.46,25,0.01%,82.54%
0xc18360217d8f7ab5e7c516566761ea12ce7f9d72,eth,,0xa9059cbb,,1145517.297,25,0.01%,82.55%
0x4734e795bc71513af17c466f9de5f358e44a74f0,eth,,0x23b872dd,,2302.46,25,0.01%,82.56%
0x3d2bd0e15829aa5c362a4144fdf4a1112fa29b5c,matic,,0x095ea7b3,,1320275.12,25,0.01%,82.57%
0x7dac480d20f322d2ef108a59a465ccb5749371c4,base,,0xf5c358c6,,2600363.542,25,0.01%,82.59%
0xff04820c36759c9f5203021fe051239ad2dcca8a,matic,,0xdc4b201d,,48248.72526,25,0.01%,82.60%
0x524cab2ec69124574082676e6f654a18df49a048,eth,,0xa22cb465,,125655.464,25,0.01%,82.61%
0x7d2768de32b0b80b7a3454c06bdac94a69ddc7a9,eth,,0x573ade81,,660150.66,25,0.01%,82.63%
0xbd6323a83b613f668687014e8a5852079494fb68,eth,,0x095ea7b3,,91009.235,25,0.01%,82.64%
0xdef1c0ded9bec7f1a1670819833240f027b25eff,arb,,0xa578efaf,,1146714.994,25,0.01%,82.65%
0x0a88bc5c32b684d467b43c06d9e0899efeaf59df,linea,,0x64617461,,51197.5222,25,0.01%,82.66%
0x8ab2ff0116a279a99950c66a12298962d152b83c,eth,,0x095ea7b3,,171922.853,25,0.01%,82.68%
0x56b13a025ee67fe7645cd4c09033673e3cb207ba,base,,0xc00007b0,,515765.22,25,0.01%,82.69%
0x90e2de3da4a3d05ec982bb0566d36092f76fe70b,avax,,0x21ea0c37,,36466.64,25,0.01%,82.70%
0xcf17664006851a27d5bd93d497f30853ac558792,arb,,0x095ea7b3,,1482111.344,25,0.01%,82.72%
0x510581cefd1a4c651aa6727957f283c665647485,linea,,0xa0712d68,,22003.23965,25,0.01%,82.73%
0x77e06c9eccf2e797fd462a92b6d7642ef85b0a44,eth,,0x095ea7b3,,830334.4754,25,0.01%,82.74%
0x53b86e1c9cbfdc8f784082c1b4a5cf845d62f887,arb,,0x898f319c,,1482111.344,25,0.01%,82.75%
0x8e4d27d772099e18900caf5dcc36cb612dcee886,eth,,0x095ea7b3,,129902.7769,25,0.01%,82.77%
0x967da4048cd07ab37855c090aaf366e4ce1b9f48,eth,,0xa9059cbb,,3404573,25,0.01%,82.78%
0x5d775caa7a0a56cd2d56a480b0f92e3900fe9722,eth,,0x2b85ba38,,36466.64,25,0.01%,82.79%
0x8a1142620cbde2f2d63e88f35d0d76eaace0ac9e,zksync,,0x7c2ccc45,,6092538.78,25,0.01%,82.81%
0x82c7a8f707110f5fbb16184a5933e9f78a34c6ab,eth,,0x23b872dd,,2302.46,25,0.01%,82.82%
0xc5b001dc33727f8f26880b184090d3e252470d45,op,,0x095ea7b3,,2401550.456,25,0.01%,82.83%
0x2c7e82641f03fa077f88833213210a86027f15dc,arb,,0xa2a3c0cb,,109553.815,25,0.01%,82.84%
0x794a61358d6845594f94dc1db02a252b5b4814ad,arb,,0x617ba037,,1407864.812,25,0.01%,82.86%
0xe3ee395c9067dd15c492ca950b101a7d6c85b5fc,eth,,0x3d18b912,,117207.11,25,0.01%,82.87%
0x07dd397f8af5dca50329fa9d5524a751048fb00a,bsc,,0x1bcfaa66,,81211.61667,25,0.01%,82.88%
0xb33ee37fefb55b3af4bb43715b3036a91d8104d3,op,,0x64617461,,0,24,0.01%,82.89%
0xd7f1dd5d49206349cae8b585fcb0ce3d96f1696f,bsc,,0x83d13e01,,12163.14396,24,0.01%,82.91%
0xd9aaec86b65d86f6a7b5b1b0c42ffa531710b6ca,base,,0xa9059cbb,,156149.517,24,0.01%,82.92%
0x9d600c4b597e6d58cbce8cdb6d9f6a57d5af28c9,arb,,0x3ff56940,,27409.9902,24,0.01%,82.93%
0x3ee18b2214aff97000d974cf647e7c347e8fa585,eth,,0x0f5287b0,,2843183.79,24,0.01%,82.94%
0x3fc91a3afd70395cd496c647d5a6cc9d4b2b7fad,eth,,0x24856bc3,,120536.9243,24,0.01%,82.96%
0x3a05e5d33d7ab3864d53aaec93c8301c1fa49115,eth,,0x87087623,,3412179.03,24,0.01%,82.97%
0x2f1c1492f6057808c3fd16eef67e0237fbaebf4b,base,,0xc00007b0,,428297.5275,24,0.01%,82.98%
0x1231deb6f5749ef6ce6943a275a1d3e7486f4eae,avax,,0x4630a0d8,,216928.1442,24,0.01%,82.99%
0x95fc37a27a2f68e3a647cdc081f0a89bb47c3012,eth,,0x58a997f6,,1152965.537,24,0.01%,83.01%
0x000000000000b03943bc5083d5516fea9f20fb71,base,,0x7d84b863,,6361200.16,24,0.01%,83.02%
0x553afe6468949e0685959022217336717df5fbe8,eth,,0x095ea7b3,,741611.2774,24,0.01%,83.03%
0x663dc15d3c1ac63ff12e45ab68fea3f0a883c251,base,,0x4d8160ba,,55281.48518,24,0.01%,83.04%
0x35751007a407ca6feffe80b3cb397736d2cf4dbe,arb,,0x095ea7b3,,1046335.604,24,0.01%,83.06%
0x64192819ac13ef72bf6b5ae239ac672b43a9af08,eth,,0x4b14557e,,198301.47,24,0.01%,83.07%
0x5aea5775959fbc2557cc8789bc1bf90a239d9a91,zksync,,0xd0e30db0,,31763.22496,24,0.01%,83.08%
0x8707f238936c12c309bfc2b9959c35828acfc512,eth,,0x21ec52b4,,1284079.64,24,0.01%,83.09%
0x56a209955df2c74bfde45b335d4c46148652791d,zksync,,0x7715ee75,,18042.105,24,0.01%,83.10%
0x083f1b2242fae0ab52b0c521dd489139f0dfecaf,eth,,0x02327c0a,,139428.047,24,0.01%,83.12%
0xfdd9d122b451f549f48c4942c6fa6646d849e8c1,arb,,0xa2ffb897,,5703896.38,24,0.01%,83.13%
0x74ccbe53f77b08632ce0cb91d3a545bf6b8e0979,base,,0x095ea7b3,,2751236.8,24,0.01%,83.14%
0x21850dcfe24874382b12d05c5b189f5a2acf0e5b,eth,,0x23b872dd,,2302.46,24,0.01%,83.15%
0x54de43b6ba21a5553697a2b78338e046dd7e0278,zksync,,0x51905636,,15813.636,24,0.01%,83.17%
0xd1917629b3e6a72e6772aab5dbe58eb7fa3c2f33,base,,0x095ea7b3,,895751.0033,24,0.01%,83.18%
0xabe8dd90dadb368434b4a7a38adb1f754a34f3a4,eth,,0xa0eac99d,,368985.2625,24,0.01%,83.19%
0x4752ba5dbc23f44d87826276bf6fd6b1c372ad24,base,,0xb6f9de95,,537.8924593,24,0.01%,83.20%
0x87a659d0433f21e257f5d252fe163e1341ddce81,base,,0x14d9e096,,60116.95333,24,0.01%,83.22%
0x00000000005bbb0ef59571e58418f9a4357b68a0,arb,,0xf7e375e8,,1715551.61,24,0.01%,83.23%
0x488fb59d73669d5a1cdf0960214563756594c528,eth,,0x23b872dd,,2302.46,24,0.01%,83.24%
0x0000000000489d89d2b233d3375c045dfd05745f,arb,,0xc2288147,,194942.41,24,0.01%,83.25%
0x26bbea7803dcac346d5f5f135b57cf2c752a02be,base,,0xfa2b068f,,76736.4453,24,0.01%,83.27%
0x303389f541ff2d620e42832f180a08e767b28e10,eth,,0x7a37dc2c,,197399.438,24,0.01%,83.28%
0x1111111254eeb25477b68fb85ed929f73a960582,matic,,0x0502b1c5,,506643.8184,24,0.01%,83.29%
0x0c6134abc08a1eafc3e2dc9a5ad023bb08da86c3,arb,,0x7c025200,,312670.27,23,0.01%,83.30%
0x170a5714112daeff20e798b6e92e25b86ea603c1,op,,0x8875eb84,,112732.68,23,0.01%,83.31%
0xdef171fe48cf0115b1d80b88dc8eab59176fee57,bsc,,0x46c67b6d,,1358167.136,23,0.01%,83.33%
0x7b4f475d32f9c65de1834a578859f9823be3c5cf,bsc,,0xf3931d5d,,15200084.3,23,0.01%,83.34%
0xdef171fe48cf0115b1d80b88dc8eab59176fee57,bsc,,0x54e3f31b,,429035.86,23,0.01%,83.35%
0x00000000000000adc04c56bf30ac9d3c0aaf14dc,op,,0xfd9f1e10,,78845.77247,23,0.01%,83.36%
0x6c061d18d2b5bbfbe8a8d1eeb9ee27efd544cc5d,eth,,0x095ea7b3,,119078.3806,23,0.01%,83.37%
0xdef1c0ded9bec7f1a1670819833240f027b25eff,bsc,,0xc43c9ef6,,230098.46,23,0.01%,83.39%
0xe485e2f1bab389c08721b291f6b59780fec83fd7,eth,,0x095ea7b3,,121833.9043,23,0.01%,83.40%
0x9774558534036ff2e236331546691b4eb70594b1,arb,,0x441a3e70,,79876.04091,23,0.01%,83.41%
0x4ed4e862860bed51a9570b96d89af5e1b0efefed,base,,0xa9059cbb,,31995.40859,23,0.01%,83.42%
0xde5d4949f445650325c7c8739610c3a979c7a6db,eth,,0x886f9ece,,86284.07125,23,0.01%,83.43%
0x2ba6cc80f34eff2f55c6cac2c1b76239dd9d41e4,base,,0xa60d0843,,56045.6825,23,0.01%,83.44%
0x0b9ae6b1d4f0eeed904d1cef68b9bd47499f3fff,eth,,0xa9059cbb,,3404573,23,0.01%,83.46%
0x01bead00af784cfe774e9d01522966ed24f6e299,arb,,0x2a5d4d26,,297783.56,23,0.01%,83.47%
0x1f75881dc0707b5236f739b5b64a87c211294abb,eth,,0xd0e30db0,,640338.8557,23,0.01%,83.48%
0xc9d0b733adaa1f851639ca47a9a2d8a6c8572bdb,arb,,0x363b2eb2,,44633.88,23,0.01%,83.49%
0x5283d291dbcf85356a21ba090e6db59121208b44,eth,,0xa9059cbb,,877137.45,23,0.01%,83.50%
0x3432b6a60d23ca0dfca7761b7ab56459d9c964d0,eth,,0x095ea7b3,,1006953.151,23,0.01%,83.52%
0x8fb956ce2921954c45cb3bb41978c4c6c9736af2,eth,,0xb77a147b,,41406.84066,23,0.01%,83.53%
0x904550e0d182cd4aee0d305891c666a212ec8f01,avax,,0xf3931d5d,,10138622.6,23,0.01%,83.54%
0xae7ab96520de3a18e5e111b5eaab095312d7fe84,eth,,0xd505accf,,36466.64,23,0.01%,83.55%
0x38d64ce1bdf1a9f24e0ec469c9cade61236fb4a0,eth,,0x8340f549,,307359.6623,23,0.01%,83.56%
0x7cc7e125d83a581ff438608490cc0f7bdff79127,eth,,0xfdd46d60,,98300.775,23,0.01%,83.57%
0xf8b1378579659d8f7ee5f3c929c2f3e332e41fd6,eth,,0x9f8420b3,,1582092.469,23,0.01%,83.59%
0xa4af354d466e8a68090dd9eb2cb7caf162f4c8c2,base,,0x095ea7b3,,508725.363,23,0.01%,83.60%
0xd979c468a68062e7bdff4ba6df7842dfd3492e0f,eth,,0xa9059cbb,,428461.3689,23,0.01%,83.61%
0x817f772398fe3d804ecfd418b944eab7ce662ca3,eth,,0x095ea7b3,,329234.665,23,0.01%,83.62%
0x5550d13389bb70f45fcef58f19f6b6e87f6e747d,eth,,0x2646478b,,137804.6664,23,0.01%,83.63%
0x6dd28c2c5b91dd63b4d4e78ecac7139878371768,zksync,,0x51905636,,37439.16,23,0.01%,83.65%
0x9002ecb8a06060e3b56669c6b8f18e1c3b119914,zksync,,0x095ea7b3,,87003.22,23,0.01%,83.66%
0x10393c20975cf177a3513071bc110f7962cd67da,arb,,0x095ea7b3,,301534.4362,23,0.01%,83.67%
0x0f4b28d46cab209bc5fa987a92a26a5680538e45,eth,,0x23b872dd,,2302.46,23,0.01%,83.68%
0x862a9d8443bbf74cf86bc05afc8e05c63319dc1e,base,,0x095ea7b3,,428297.5275,23,0.01%,83.69%
0x0988121b264b3aa2072072176f491f66232362cb,matic,,0x837d8cf4,,36466.64,23,0.01%,83.70%
0x7f12d13b34f5f4f0a9449c16bcd42f0da47af200,base,,0x095ea7b3,,343946.672,23,0.01%,83.72%
0x431603567ecbb4aa1ce5a4fdbe5554caea658832,arb,,0xbdec4a27,,154530.705,22,0.01%,83.73%
0x0495d0d764207ac7743aeccffb0ef0e166800e98,arb,,0xc6f678bd,,112732.68,22,0.01%,83.74%
0x00000000005bbb0ef59571e58418f9a4357b68a0,eth,,0x12599ac6,,3001501.307,22,0.01%,83.75%
0xc043bce9af87004398181a8de46b26e63b29bf99,linea,,0xefef39a1,,33453.96273,22,0.01%,83.76%
0x45a01e4e04f14f7a4a6702c74187c5f6222033cd,matic,,0x9fbf10fc,,69855.3233,22,0.01%,83.77%
0xc873fecbd354f5a56e00e710b90ef4201db2448d,arb,,0x52aa4c22,,97476.38727,22,0.01%,83.78%
0x00b2149d89677a5069ed4d303941614a33700146,base,,0xb6b55f25,,4381147.82,22,0.01%,83.80%
0x02f92800f57bcd74066f5709f1daa1a4302df875,eth,,0x095ea7b3,,302116.1562,22,0.01%,83.81%
0x0b5e6100243f793e480de6088de6ba70aa9f3872,matic,,0xb9d2d7ed,,18007.94636,22,0.01%,83.82%
0xb7545014a3973b0d27a65ee76d1a5ee29d37b1c9,eth,,0x1249c58b,,48651.57045,22,0.01%,83.83%
0x0b5a91a43cb798c45fd56bfb5d41c13c42a7afa8,eth,,0xa9059cbb,,3404573,22,0.01%,83.84%
0x1231deb6f5749ef6ce6943a275a1d3e7486f4eae,op,,0xed178619,,97225.31118,22,0.01%,83.85%
0x75c143460f6e3e22f439dff947e25c9ccb72d2e8,arb,,0x4641257d,,86930.89,22,0.01%,83.86%
0x8586ef202c8905c64aa8779529abb617825f5e31,arb,,0xc6f678bd,,112732.68,22,0.01%,83.88%
0x3a23f943181408eac424116af7b7790c94cb97a5,op,,0x37c6145a,,24380.86442,22,0.01%,83.89%
0x6c15b0636db7fdb5def5f524e48524be10fbe814,matic,,0x2b85ba38,,36466.64,22,0.01%,83.90%
0x29469395eaf6f95920e59f858042f0e28d98a20b,eth,,0x5e05b33c,,489582.4267,22,0.01%,83.91%
0x6acdfd8bd4f5ac6f5e0ca54024663c251e9cf0f4,arb,,0x4641257d,,84386.48,22,0.01%,83.92%
0xe485e2f1bab389c08721b291f6b59780fec83fd7,eth,,0xa9059cbb,,3404573,22,0.01%,83.93%
0x1bbe973bef3a977fc51cbed703e8ffdefe001fed,eth,,0x095ea7b3,,33310.92578,22,0.01%,83.94%
0xc011a73ee8576fb46f5e1c5751ca3b9fe0af2a6f,eth,,0xa9059cbb,,5979586.66,22,0.01%,83.95%
0x7043e4e1c4045424858ecbced80989feafc11b36,matic,,0x161d0770,,33564.994,22,0.01%,83.97%
0x7f9b09f4717072cf4dc18b95d1b09e2b30c76790,eth,,0xa9059cbb,,3404573,22,0.01%,83.98%
0xba61f25dd9f2d5f02d01b1c2c1c5f0b14c4b48a3,eth,,0xb1a1a882,,3014546.939,22,0.01%,83.99%
0xe610d563873e67467c8aead41c0db08f31451a7e,op,,0x2b85ba38,,36466.64,22,0.01%,84.00%
0xf25485901827686bc9012905ccea9843c696eddc,base,,0x3181ece8,,85445.88375,22,0.01%,84.01%
0x7ee459d7fde8b4a3c22b9c8c7aa52abaddd9ffd5,zksync,,0xe56461ad,,10990.2013,22,0.01%,84.02%
0xb4315e873dbcf96ffd0acd8ea43f689d8c20fb30,arb,,0x2a443fae,,181516.3697,22,0.01%,84.03%
0xd56734d7f9979dd94fae3d67c7e928234e71cd4c,arb,,0x095ea7b3,,93912.43364,22,0.01%,84.05%
0x74a09653a083691711cf8215a6ab074bb4e99ef5,eth,,0x5358fbda,,2133662.396,22,0.01%,84.06%
0xf73097de9fcda772813c3448ff293509d28021b3,matic,,0xd954863c,,23197.7805,22,0.01%,84.07%
0x111111125421ca6dc452d289314280a0f8842a65,avax,,0x07ed2379,,568783.7374,22,0.01%,84.08%
0xfa4fff6d30b44686c15ce3d5e3e983ced8edf308,base,,0x0076621b,,148887.2643,22,0.01%,84.09%
0xcc8fa225d80b9c7d42f96e9570156c65d6caaa25,eth,,0xa9059cbb,,3404573,22,0.01%,84.10%
0x1f2a3d9726c38ce8b37cd0f573556d4cdd0b5de3,zksync,,0x379607f5,,18042.105,22,0.01%,84.11%
0xfc5a1a6eb076a2c7ad06ed22c90d7e710e35ad0a,arb,,0x095ea7b3,,256705.6741,22,0.01%,84.12%
0x2d18f2d27d50c9b4013deba3d54f60996bd8847e,bsc,,0x2e4dbe8f,,989441.3517,22,0.01%,84.14%
0x4b3d9e6944e0612616590002a9f25debcf7a1f03,matic,,0x5b713eb3,,46301.98875,22,0.01%,84.15%
0xa0dd6dd7775e93eb842db0aa142c9c581031ed3b,eth,,0x095ea7b3,,98082.776,22,0.01%,84.16%
0x2c7e82641f03fa077f88833213210a86027f15dc,arb,,0xfb4b71bb,,109553.815,22,0.01%,84.17%
0xf951e335afb289353dc249e82926178eac7ded78,eth,,0x23b872dd,,36466.64,22,0.01%,84.18%
0x474ca8d19cbcd57e2ddf90c5a6b0841d250b9b96,eth,,0x02327c0a,,196497.9233,22,0.01%,84.19%
0x00000000005bbb0ef59571e58418f9a4357b68a0,eth,,0x05eb5327,,642273.618,22,0.01%,84.20%
0x366c1b89aa0783d0886b9ef817d10c8729783dcb,linea,,0x14d9e096,,34081.16571,22,0.01%,84.22%
0xcf17664006851a27d5bd93d497f30853ac558792,arb,,0xe1021f44,,1665129.608,22,0.01%,84.23%
0xb131f4a55907b10d1f0a50d8ab8fa09ec342cd74,eth,,0xa9059cbb,,450288.0491,22,0.01%,84.24%
0xc748673057861a797275cd8a068abb95a902e8de,bsc,,0x23b872dd,,36466.64,22,0.01%,84.25%
0x053ff7923f6415a893af566f7ef75da51b181b7a,matic,,0xeba849f7,,19339.5,22,0.01%,84.26%
0xd1e4254fe7e56f58777ba624e7eeb3644f872b0d,zksync,,0xdc4b201d,,73703.42136,22,0.01%,84.27%
0x7c3aa07721578d00babdebf17c3352d7658b67fd,bsc,,0x1249c58b,,87906.45203,22,0.01%,84.28%
0x33bd3859141eeb7fcf8d71a9a52f554c6ca5a278,base,,0xc00007b0,,398711.4933,22,0.01%,84.29%
0xde41799de5fb357f501dd9386acee424e816f7a6,base,,0x2e1a7d4d,,116854.0533,22,0.01%,84.31%
0x96b4f4e401ccd70ec850c1cf8b405ad58fd5fb7a,arb,,0xd44f70b4,,427638.7912,21,0.01%,84.32%
0xc271305d6d64e83cf9a74beea947ac932aee3114,arb,,0x4e71d92d,,19731.09,21,0.01%,84.33%
0x3506424f91fd33084466f402d5d97f05f8e3b4af,eth,,0xa9059cbb,,8964027.405,21,0.01%,84.34%
0x3a23f943181408eac424116af7b7790c94cb97a5,matic,,0x00000188,,448885.4725,21,0.01%,84.35%
0x24fcfc492c1393274b6bcd568ac9e225bec93584,eth,,0xa9059cbb,,699981.6767,21,0.01%,84.36%
0x98585dfc8d9e7d48f0b1ae47ce33332cf4237d96,eth,,0x095ea7b3,,2766117.71,21,0.01%,84.37%
0x5543550d65813c1fa76242227cbba0a28a297771,arb,,0x06e75722,,13991.28556,21,0.01%,84.38%
0x90e2de3da4a3d05ec982bb0566d36092f76fe70b,avax,,0x2b85ba38,,36466.64,21,0.01%,84.39%
0x6131b5fae19ea4f9d964eac0408e4408b66337b5,avax,,0xe21fd0e9,,443918.0147,21,0.01%,84.40%
0x79f483f2c878eaacd19a6c18c3e412e06e51f9a2,eth,,0x02327c0a,,173248.9545,21,0.01%,84.41%
0xbb5ca40b2f7af3b1ff5dbce0e9cc78f8bfa817ce,arb,,0x02c5fcf8,,3226312.76,21,0.01%,84.42%
0x6131b5fae19ea4f9d964eac0408e4408b66337b5,matic,,0x8af033fb,,621894.4326,21,0.01%,84.44%
0x6131b5fae19ea4f9d964eac0408e4408b66337b5,linea,,0xe21fd0e9,,443918.0147,21,0.01%,84.45%
0xd9041353a0a6492486f764cfe45ae8a39ee300f1,linea,,0x8287bfc1,,25268.09806,21,0.01%,84.46%
0x614577036f0a024dbc1c88ba616b394dd65d105a,eth,,0x095ea7b3,,103635.8032,21,0.01%,84.47%
0x25ab3efd52e6470681ce037cd546dc60726948d3,arb,,0xc8173c44,,119849.522,21,0.01%,84.48%
0x77e06c9eccf2e797fd462a92b6d7642ef85b0a44,eth,,0x2a383090,,69081.15029,21,0.01%,84.49%
0x00000000005bbb0ef59571e58418f9a4357b68a0,arb,,0x594a88cc,,1255337.722,21,0.01%,84.50%
0x4c4e4497568a7c831efa4efae23ac4d99d4fe7a0,base,,0x2b85ba38,,36466.64,21,0.01%,84.51%
0xa2d8f923cb02c94445d3e027ad4ee3df4a167dbd,eth,,0x02327c0a,,125010.1057,21,0.01%,84.52%
0x9a01857f33aa382b1d5bb96c3180347862432b0d,arb,,0x095ea7b3,,104077.158,21,0.01%,84.53%
0xae41b275aaaf484b541a5881a2dded9515184cca,eth,,0xa9059cbb,,3404573,21,0.01%,84.54%
0x76ba3ec5f5adbf1c58c91e86502232317eea72de,arb,,0x7654b1b9,,3226312.76,21,0.01%,84.55%
0x943ac2310d9bc703d6ab5e5e76876e212100f894,zksync,,0xac9650d8,,38116.28038,21,0.01%,84.57%
0x4b821ad0f3c789cf92b068eb01c2011116a1de29,arb,,0x2b85ba38,,36466.64,21,0.01%,84.58%
0xb18b7847072117ae863f71f9473d555d601eb537,linea,,0xa694fc3a,,40560.11524,21,0.01%,84.59%
0x67b8afddb494c16b779e6f23e1de5dbf3437f857,eth,,0xc9ea7b63,,36946.58,21,0.01%,84.60%
0x9465fe0e8cdf4e425e0c59b7caeccc1777dc6695,linea,,0x9b7d30dd,,83414.105,21,0.01%,84.61%
0x7d1afa7b718fb893db30a3abc0cfc608aacfebb0,eth,,0x095ea7b3,,171947.698,21,0.01%,84.62%
0xe3dbc4f88eaa632ddf9708732e2832eeaa6688ab,eth,,0x095ea7b3,,152573.8158,21,0.01%,84.63%
0x8aec4bbdcfb451aa289bfbd3c2f4e34a44ada1be,eth,,0x095ea7b3,,387578.324,21,0.01%,84.64%
0xd7f1dd5d49206349cae8b585fcb0ce3d96f1696f,base,,0x83d13e01,,12163.14396,21,0.01%,84.65%
0x308e190d70c7d1c6ed569554bce73dc3f4ad359a,base,,0x7c1e2068,,2139828.889,21,0.01%,84.66%
0xee7c3d2ff9ef8dbf3e66704a156d3ee9700cf72e,op,,0x1249c58b,,71992.36333,21,0.01%,84.67%
0xba12222222228d8ba445958a75a0704d566bf2c8,arb,,0xb95cac28,,1715808.216,21,0.01%,84.68%
0xdef171fe48cf0115b1d80b88dc8eab59176fee57,matic,,0x46c67b6d,,1358167.136,21,0.01%,84.69%
0x0cabd034437adf92d9f4cfbca71438390e320ea4,eth,,0xde52f07d,,10743.855,21,0.01%,84.71%
0x1bbf25e71ec48b84d773809b4ba55b6f4be946fb,eth,,0xa9059cbb,,3404573,21,0.01%,84.72%
0x3a23f943181408eac424116af7b7790c94cb97a5,arb,,0x0000018c,,253932.124,21,0.01%,84.73%
0x1a1ec25dc08e98e5e93f1104b5e5cdd298707d31,bsc,,0x5f575529,,22996.8992,21,0.01%,84.74%
0x1231deb6f5749ef6ce6943a275a1d3e7486f4eae,op,,0x1fd8010c,,271088.9897,21,0.01%,84.75%
0xc677d4234ed9118322a3c6df5205175d0a10b596,base,,0x9dbb844d,,3936907.53,21,0.01%,84.76%
0x3caae25ee616f2c8e13c74da0813402eae3f496b,arb,,0xa3908e1b,,1510172.24,21,0.01%,84.77%
0xff8adec2221f9f4d8dfbafa6b9a297d17603493d,base,,0x095ea7b3,,360345.9878,21,0.01%,84.78%
0xb2ecfe4e4d61f8790bbb9de2d1259b9e2410cea5,eth,,0x133ba9a6,,56500.24,21,0.01%,84.79%
0x6733f0283711f225a447e759d859a70b0c0fd2bc,eth,,0xa694fc3a,,2635213.858,21,0.01%,84.80%
0x31f63a33141ffee63d4b26755430a390acdd8a4d,ftm,,0xac9650d8,,40338.956,21,0.01%,84.81%
0x18e5f92103d1b34623738ee79214b1659f2ee109,eth,,0x095ea7b3,,125128.696,21,0.01%,84.82%
0x6cc462bc49cecfe943bc4f477b23b92906e6074f,eth,,0x23b872dd,,2302.46,21,0.01%,84.84%
0xa19328fb05ce6fd204d16c2a2a98f7cf434c12f4,base,,0x095ea7b3,,557154.515,21,0.01%,84.85%
0x482e0f3e31181729540560bc7ee4fc79024b6387,bsc,,0x2b85ba38,,36466.64,21,0.01%,84.86%
0x87870bca3f3fd6335c3f4ce8392d69350b4fa4e2,eth,,0x02c205f0,,10129193.1,21,0.01%,84.87%
0xac59f7e7e5da0dc4f416a7aeff7a49ac284f10ca,arb,,0xa22cb465,,42592.33048,21,0.01%,84.88%
0x51187757342914e7d94fffd95ccca4f440fe0e06,bsc,,0x14d9e096,,89663.17278,21,0.01%,84.89%
0x0000000000ca73a6df4c58b84c5b4b847fe8ff39,eth,,0x095ea7b3,,84261.78364,21,0.01%,84.90%
0xd5f7838f5c461feff7fe49ea5ebaf7728bb0adfa,eth,,0x095ea7b3,,3320261.469,21,0.01%,84.91%
0xfd41041180571c5d371bea3d9550e55653671198,arb,,0xa694fc3a,,1583050.527,20,0.01%,84.92%
0x1231deb6f5749ef6ce6943a275a1d3e7486f4eae,arb,,0x55c99cd8,,71456.298,20,0.01%,84.93%
0x4b6f83bed0aa7278cf01b2a62ec28af3b48ac699,eth,,0xa694fc3a,,189071.586,20,0.01%,84.94%
0x97effb790f2fbb701d88f89db4521348a2b77be8,eth,,0x095ea7b3,,219855.4269,20,0.01%,84.95%
0xc7198437980c041c805a1edcba50c1ce5db95118,avax,,0x095ea7b3,,174719.9909,20,0.01%,84.96%
0x85483696cc9970ad9edd786b2c5ef735f38d156f,base,,0x095ea7b3,,2962915.21,20,0.01%,84.97%
0xb7d36720a16a1f9cfc1f7910ac49f03965401a36,bsc,,0x81b4e8b4,,3733.61,20,0.01%,84.98%
0x87870bca3f3fd6335c3f4ce8392d69350b4fa4e2,eth,,0x573ade81,,2846795.43,20,0.01%,84.99%
0x6774bcbd5cecef1336b5300fb5186a12ddd8b367,eth,,0xc311b6fc,,143679.373,20,0.01%,85.00%
0x5d22045daceab03b158031ecb7d9d06fad24609b,eth,,0x00aeef8a,,197243.6533,20,0.01%,85.01%
0x816f722424b49cf1275cc86da9840fbd5a6167e9,op,,0x322dda6d,,41307.981,20,0.01%,85.02%
0x37e60f80d921dc5e7f501a7130f31f6548dba564,arb,,0x439370b1,,25792.10414,20,0.01%,85.03%
0x857ffc55b1aa61a7ff847c82072790cae73cd883,eth,,0x095ea7b3,,112368.4986,20,0.01%,85.05%
0x34c0bd5877a5ee7099d0f5688d65f4bb9158bde2,eth,,0xb1a1a882,,804502.3487,20,0.01%,85.06%
0x00000000005bbb0ef59571e58418f9a4357b68a0,eth,,0x3dbe1c55,,2006852.473,20,0.01%,85.07%
0x742b70151cd3bc7ab598aaff1d54b90c3ebc6027,eth,,0x312ff839,,2447161.43,20,0.01%,85.08%
0x0cab6977a9c70e04458b740476b498b214019641,linea,,0x744773f1,,65148.00417,20,0.01%,85.09%
0xe08efb59e053a586415272c15cdf62758c698739,arb,,0xaff6cbf1,,127279.01,20,0.01%,85.10%
0x43cf1856606df2cb22aedba1a3e23725f1594e81,arb,,0x095ea7b3,,82254.97667,20,0.01%,85.11%
0x2f1c1492f6057808c3fd16eef67e0237fbaebf4b,base,,0xb6b55f25,,428297.5275,20,0.01%,85.12%
0x510581cefd1a4c651aa6727957f283c665647485,linea,,0xa22cb465,,25268.0981,20,0.01%,85.13%
0x05df72d911e52ab122f7d9955728bc96a718782c,matic,,0x9c8d4156,,127175.535,20,0.01%,85.14%
0x82af49447d8a07e3bd95bd0d56f35241523fbab1,arb,,0xa9059cbb,,60295.18933,20,0.01%,85.15%
0x0f5d2fb29fb7d3cfee444a200298f468908cc942,eth,,0xa9059cbb,,3404573,20,0.01%,85.16%
0x0092ca750b75789caaf1cb27c94dbf8551effd19,bsc,,0xff9caad6,,24822.335,20,0.01%,85.17%
0xc873fecbd354f5a56e00e710b90ef4201db2448d,arb,,0x5b0d5984,,549981.877,20,0.01%,85.18%
0xc873fecbd354f5a56e00e710b90ef4201db2448d,arb,,0xac3893ba,,341671.49,20,0.01%,85.19%
0x4c19596f5aaff459fa38b0f7ed92f11ae6543784,eth,,0xa9059cbb,,3404573,20,0.01%,85.20%
0xdef171fe48cf0115b1d80b88dc8eab59176fee57,op,,0xa6886da9,,562907.9242,20,0.01%,85.21%
0x102442a3ba1e441043154bc0b8a2e2fb5e0f94a7,arb,,0xe8eda9df,,197208.94,20,0.01%,85.22%
0x71625ccd8157c123172d457ae947fb4130a05932,arb,,0x095ea7b3,,59645.176,20,0.01%,85.23%
0xf4b88d6421f7f95461c808d8d1625b2e45b823a7,eth,,0x23b872dd,,2302.46,20,0.01%,85.24%
0xaa277cb7914b7e5514946da92cb9de332ce610ef,arb,,0x88316456,,80950.47167,20,0.01%,85.25%
0x38e382f74dfb84608f3c1f10187f6bef5951de93,eth,,0x095ea7b3,,1045373.137,20,0.01%,85.26%
0xa4838122c683f732289805fc3c207febd55babdd,bsc,,0x23b872dd,,36466.64,20,0.01%,85.27%
0xbb505c54d71e9e599cb8435b4f0ceec05fc71cbd,base,,0x1f679626,,414537.613,20,0.01%,85.28%
0x9e22ebec84c7e4c4bd6d4ae7ff6f4d436d6d8390,eth,,0x6e553f65,,1640797.738,20,0.01%,85.29%
0xce6e54daa1ea95fb3530859d69d4bdb978dd821b,eth,,0x095ea7b3,,109836.4036,20,0.01%,85.30%
0xdac17f958d2ee523a2206206994597c13d831ec7,eth,,0x23b872dd,,18237.21,20,0.01%,85.31%
0x19ceead7105607cd444f5ad10dd51356436095a1,base,,0x84a7f3dd,,13506.5275,20,0.01%,85.32%
0x0c03dcc120b9374a59aaf855932229a20f7268e0,op,,0x82cee55c,,3226312.76,20,0.01%,85.33%
0x34b4df75a17f8b3a6eff6bba477d39d701f5e92c,eth,,0x23b872dd,,2302.46,20,0.01%,85.34%
0xa0c68c638235ee32657e8f720a23cec1bfc77c77,eth,,0x3805550f,,1608194.46,20,0.01%,85.35%
0xb31f66aa3c1e785363f0875a1b74e27b85fd66c7,avax,,0x2e1a7d4d,,1100026.236,20,0.01%,85.36%
0x780de722234532f7d61ca3d147574f44a85c4244,linea,,0x1a3e7c8b,,34306.63789,19,0.01%,85.37%
0x1231deb6f5749ef6ce6943a275a1d3e7486f4eae,bsc,,0x4630a0d8,,216928.1442,19,0.01%,85.38%
0x7dac480d20f322d2ef108a59a465ccb5749371c4,base,,0xa0712d68,,2400658.629,19,0.01%,85.39%
0x9dd4a2a1db6bc1168de7d758208abb109d9a386a,linea,,0xd204c45e,,54064.66684,19,0.01%,85.40%
0x15b2fb8f08e4ac1ce019eadae02ee92aedf06851,arb,,0x095ea7b3,,205064.5282,19,0.01%,85.41%
0xea52c6f9f6073639cfb5f5736d00d7aa8a512ac0,eth,,0x4a9f3683,,3557.3,19,0.01%,85.42%
0x10541b07d8ad2647dc6cd67abd4c03575dade261,base,,0xeea0d7b2,,727396.355,19,0.01%,85.43%
0x240d5645bffaf6f8bc3586e459a4155f270bcb3b,zksync,,0xac9650d8,,858620.3621,19,0.01%,85.44%
0x253553366da8546fc250f225fe3d25d0c782303b,eth,,0xf14fcbc8,,20759.63294,19,0.01%,85.45%
0x154388a4650d63acc823e06ef9e47c1eddd3cbb2,arb,,0x095ea7b3,,222344.55,19,0.01%,85.46%
0x5283d291dbcf85356a21ba090e6db59121208b44,eth,,0x095ea7b3,,172115.5047,19,0.01%,85.47%
0x0c03dcc120b9374a59aaf855932229a20f7268e0,op,,0x9c421449,,3226312.76,19,0.01%,85.48%
0x550e7e236912daa302f7d5d0d6e5d7b6ef191f04,arb,,0xac9650d8,,12506.73,19,0.01%,85.49%
0x3a23f943181408eac424116af7b7790c94cb97a5,arb,,0x00000195,,66233.62632,19,0.01%,85.50%
0x2260fac5e5542a773aa44fbcfedf7c193bc2c599,eth,,0xa9059cbb,,1012763.433,19,0.01%,85.51%
0x1a640bf545e04416df6ffa2f9cc4813003e52649,zksync,,0x7ba0e2e7,,27430.58263,19,0.01%,85.52%
0xedf439424d707152aaa843520ffcdb41e1745e50,eth,,0x02327c0a,,108720.0313,19,0.01%,85.53%
0x273ca93a52b817294830ed7572aa591ccfa647fd,base,,0x1249c58b,,32864.37105,19,0.01%,85.54%
0x253553366da8546fc250f225fe3d25d0c782303b,eth,,0xacf1a841,,64669.36643,19,0.01%,85.55%
0xfa4fff6d30b44686c15ce3d5e3e983ced8edf308,base,,0x520d70c9,,37027.85167,19,0.01%,85.56%
0x7e7a0e201fd38d3adaa9523da6c109a07118c96a,bsc,,0xc2288147,,145525.3451,19,0.01%,85.57%
0x397ba024301a1295f001a386ed5c32883e106d3f,ftm,,0x82cee55c,,3226312.76,19,0.01%,85.58%
0x3ed9acaac7bd974eb83a8ea6432a239e3c829d5d,op,,0x095ea7b3,,61261.56917,19,0.01%,85.59%
0x5673b6e6e51de3479b8deb22df46b12308db5e1e,zksync,,0x126928c4,,43128.2675,19,0.01%,85.60%
0xb4315e873dbcf96ffd0acd8ea43f689d8c20fb30,arb,,0xb066ea7c,,341684.2165,19,0.01%,85.61%
0x39a9728fb398583154e6cc5e3defa60908f58e2f,eth,,0x095ea7b3,,177286.0617,19,0.01%,85.62%
0x231a6bd8eb88cfa42776b7ac575cecaf82bf1e21,eth,,0x095ea7b3,,147802.429,19,0.01%,85.63%
0x9a103ab4fe2de5db16338b16fd7550d21d7b8db6,eth,,0xd71f11fb,,357014.7389,19,0.01%,85.64%
0x85fd2da31262d26471c738ce357a3767635a0956,arb,,0x126928c4,,8198.904,19,0.01%,85.65%
0xf8c18df7509c03b45e6247b2b9e73fcadef24dd6,eth,,0x23b872dd,,2302.46,19,0.01%,85.66%
0x64c0751da0769b0cbabf130ceda535c4254dcd9e,bsc,,0xaf54673a,,13993.37,19,0.01%,85.67%
0x269727f088f16e1aea52cf5a97b1cd41daa3f02d,base,,0xe0db3fcf,,1128865.803,19,0.01%,85.68%
0x60f80121c31a0d46b5279700f9df786054aa5ee5,eth,,0x23b872dd,,2302.46,19,0.01%,85.69%
0x9a6735518847e59b71530512941afdf014a8a74b,arb,,0x9dbb844d,,1716908.976,19,0.01%,85.70%
0x3b72616376652cc82f17dd7a9b58f71cdb3b98b0,arb,,0xbc8df09e,,125573.472,19,0.01%,85.71%
0x01f2d0bd6ea5f04547f671157285025708a200e8,eth,,0x6a761202,,3557.3,19,0.01%,85.72%
0x5f18ea482ad5cc6bc65803817c99f477043dce85,eth,,0xa9059cbb,,3404573,19,0.01%,85.73%
0xf4b1486dd74d07706052a33d31d7c0aafd0659e1,arb,,0x573ade81,,188754.99,19,0.01%,85.74%
0xc1d12f7aab7b1b7efea50085be0422499d944f17,eth,,0xb1a47064,,125262.1395,19,0.01%,85.75%
0x157ad40f43e26e72909f16bb07f2ca97466df849,eth,,0x23b872dd,,2302.46,19,0.01%,85.76%
0xd0a40eb7fd94ee97102ba8e9342243a2b2e22207,eth,,0x2b218022,,53110.405,19,0.01%,85.77%
0xb86b3e16b6b960fd822849fd4b4861d73805879b,linea,,0x07432196,,80806.165,19,0.01%,85.78%
0xe1c14b9f065dead2e89ee35382f8bd42bdb87a04,arb,,0x90cc74ac,,27464.18,19,0.01%,85.78%
0xa219439258ca9da29e9cc4ce5596924745e12b93,linea,,0x095ea7b3,,30833.70364,19,0.01%,85.79%
0x32bb5a147b5371fd901aa4a72b7f82c58a87e36d,eth,,0xa22cb465,,217452.7274,19,0.01%,85.80%
0x6c2c06790b3e3e3c38e12ee22f8183b37a13ee55,arb,,0x095ea7b3,,86867.97457,19,0.01%,85.81%
0x3d0f8df262c1ae46b4af8381f769f7f2872a0d5d,base,,0xc00007b0,,116854.0533,19,0.01%,85.82%
0x53bf833a5d6c4dda888f69c22c88c9f356a41614,arb,,0x87b21efc,,70384.886,19,0.01%,85.83%
0x91f45aa2bde7393e0af1cc674ffe75d746b93567,base,,0x095ea7b3,,537740.151,19,0.01%,85.84%
0x26e4cbc1579de5ec141e6b2218b54c895d98ee28,avax,,0x21ea0c37,,36466.64,19,0.01%,85.85%
0xb9f599ce614feb2e1bbe58f180f370d05b39344e,eth,,0x23b872dd,,36466.64,19,0.01%,85.86%
0x397ba024301a1295f001a386ed5c32883e106d3f,ftm,,0x9c421449,,3226312.76,19,0.01%,85.87%
0xa0246c9032bc3a600820415ae600c6388619a14d,eth,,0xa9059cbb,,3404573,19,0.01%,85.88%
0xac313d7491910516e06fbfc2a0b5bb49bb072d91,matic,,0xe56461ad,,3875.145,19,0.01%,85.89%
0xc67b7cb2fff1d9eb5ccccea39b4395de890d8f5e,arb,,0x4e71d92d,,164557.466,19,0.01%,85.90%
0x6bded42c6da8fbf0d2ba55b2fa120c5e0c8d7891,base,,0x791ac947,,806.838689,19,0.01%,85.91%
0x24fcfc492c1393274b6bcd568ac9e225bec93584,base,,0x095ea7b3,,436934.5092,19,0.01%,85.92%
0x3845badade8e6dff049820680d1f14bd3903a5d0,eth,,0xa9059cbb,,1704795.8,19,0.01%,85.93%
0x269727f088f16e1aea52cf5a97b1cd41daa3f02d,arb,,0xe0db3fcf,,1128865.803,19,0.01%,85.94%
0x7dac480d20f322d2ef108a59a465ccb5749371c4,matic,,0xf5c358c6,,2600363.542,19,0.01%,85.95%
0x584a4dd38d28fd1ea0e147ba7b70aed29a37e335,eth,,0x23b872dd,,36466.64,19,0.01%,85.96%
0xf93fc7d6508ae2faf8fc5675e896bc38d6e7212c,arb,,0x095ea7b3,,150985.2488,19,0.01%,85.97%
0xc274a97f1691ef390f662067e95a6eff1f99b504,eth,,0xa22cb465,,72965.9,19,0.01%,85.98%
0xb528edbef013aff855ac3c50b381f253af13b997,eth,,0x095ea7b3,,176735.4372,19,0.01%,85.99%
0xd68089d9daa2da7888b7ef54158480e09ecc3580,arb,,0xe6f1daf2,,5890407.76,19,0.01%,86.00%
0x1195cf65f83b3a5768f3c496d3a05ad6412c64b7,bsc,,0xd123b4d8,,25580.2075,18,0.01%,86.01%
0x85e90a5430af45776548adb82ee4cd9e33b08077,base,,0x095ea7b3,,204552.2927,18,0.01%,86.02%
0xb0d94258bcee18c3fcfbd6b0ac336cdf4e2b67a9,base,,0x9dbb844d,,53615.69818,18,0.01%,86.03%
0xf3f04555f8fda510bfc77820fd6eb8446f59e72d,arb,,0x1eb1cff0,,1620599.832,18,0.01%,86.04%
0x37d4bfc8c583d297a0740d734b271eac9a88ade4,linea,,0x183ff085,,42968.23778,18,0.01%,86.05%
0xe49dee5353bea74caf65089237005198a14f7c83,op,,0xac16c7cb,,81461.42513,18,0.01%,86.06%
0x6f26bf09b1c792e3228e5467807a900a503c0281,op,,0x1186ec33,,2208157.55,18,0.01%,86.06%
0xcd4b2e538c9d2c1ca117c8f5f2e8fa56f6ba1069,matic,,0x1249c58b,,81333.59444,18,0.01%,86.07%
0x72e4f9f808c49a2a61de9c5896298920dc4eeea9,eth,,0x095ea7b3,,69153.32395,18,0.01%,86.08%
0x968d6a288d7b024d5012c0b25d67a889e4e3ec19,base,,0x095ea7b3,,96137.6513,18,0.01%,86.09%
0x046eee2cc3188071c02bfc1745a6b17c656e3f3d,eth,,0x23b872dd,,36466.64,18,0.01%,86.10%
0x6478cc99cbee8857330f37aaebe80ad4b1987745,arb,,0x872ae0df,,50044.87,18,0.01%,86.11%
0x3d9e2d8af6ff16a62217c8a559ee5987c72acb86,base,,0xc00007b0,,167676.675,18,0.01%,86.12%
0x227a3035f334418d22050b2a6e43599d812ee4dd,eth,,0x02327c0a,,128600.868,18,0.01%,86.13%
0x43737be83cd4f69618f1e21bf3071626ac402094,eth,,0x23b872dd,,2302.46,18,0.01%,86.14%
0xaaa1ee8dc1864ae49185c368e8c64dd780a50fb7,arb,,0xeb8738f5,,137984.234,18,0.01%,86.15%
0xbcc0ae34fcac10bda255d38356cfeb675908ee60,arb,,0x4446e4a8,,3918.79,18,0.01%,86.16%
0xa9e8acf069c58aec8825542845fd754e41a9489a,eth,,0x095ea7b3,,42584.20525,18,0.01%,86.17%
0x323665443cef804a3b5206103304bd4872ea4253,arb,,0x095ea7b3,,947557.4394,18,0.01%,86.18%
0x0bca65bf4b4c8803d2f0b49353ed57caaf3d66dc,op,,0xdb6b5246,,49216.31636,18,0.01%,86.19%
0x5454cf5584939f7f884e95dba33fecd6d40b8fe2,base,,0xf3931d5d,,10316655.74,18,0.01%,86.19%
0x39da41747a83aee658334415666f3ef92dd0d541,eth,,0x09ba153d,,49199.43556,18,0.01%,86.20%
0xde41799de5fb357f501dd9386acee424e816f7a6,base,,0xb6b55f25,,116854.0533,18,0.01%,86.21%
0x96662f375a9734654cb57bbfeb31db9dd7784a7f,ftm,,0x4e71d92d,,12784.395,18,0.01%,86.22%
0x06eb48763f117c7be887296cdcdfad2e4092739c,base,,0xe2bbb158,,33122.11,18,0.01%,86.23%
0x0aa1582bebf8d96ea384b6829a5d41278579cd88,eth,,0x095ea7b3,,93409.32846,18,0.01%,86.24%
0x111fc50541cf398857df38fa23d586c18e0f96ce,eth,,0xa9059cbb,,54094.14833,18,0.01%,86.25%
0xa3d1a8deb97b111454b294e2324efad13a9d8396,arb,,0x095ea7b3,,4114055.929,18,0.01%,86.26%
0x8c282c35b5e1088bb208991c151182a782637699,eth,,0x095ea7b3,,119525.2,18,0.01%,86.27%
0x924142568e43ed1b5c5556767fe986d880fbef87,arb,,0xdd752e55,,2935958,18,0.01%,86.28%
0x471d9c4ae310fbcacc9f3c6d2ced1e520ba514d8,arb,,0x82cee55c,,3226312.76,18,0.01%,86.29%
0x91f45aa2bde7393e0af1cc674ffe75d746b93567,base,,0xa9059cbb,,19490.74,18,0.01%,86.30%
0xb49c4e680174e331cb0a7ff3ab58afc9738d5f8b,op,,0xed995307,,25488.811,18,0.01%,86.31%
0xa35b1b31ce002fbf2058d22f30f95d405200a15b,eth,,0x095ea7b3,,3161372.415,18,0.01%,86.32%
0xd79bb960dc8a206806c3a428b31bca49934d18d7,arb,,0x095ea7b3,,195387.278,18,0.01%,86.32%
0x37a56cdcd83dce2868f721de58cb3830c44c6303,bsc,,0x095ea7b3,,10640.37714,18,0.01%,86.33%
0xbb0e17ef65f82ab018d8edd776e8dd940327b28b,eth,,0xa9059cbb,,3404573,18,0.01%,86.34%
0x790d8848bbad7fb92831a9a2092ed3e91b7ffe11,eth,,0x1feed31f,,772121.572,18,0.01%,86.35%
0x4200000000000000000000000000000000000042,op,,0xa9059cbb,,30668.12083,18,0.01%,86.36%
0x131642c019af815ae5f9926272a70c84ae5c37ab,base,,0x8bf122da,,28873.04,18,0.01%,86.37%
0xc46233dd3775c858a926b2b2d398bea7ca69499c,arb,,0x3ef009ef,,2605882.121,18,0.01%,86.38%
0x787c09494ec8bcb24dcaf8659e7d5d69979ee508,zksync,,0x095ea7b3,,28988.9325,18,0.01%,86.39%
0x5ac04b69bde6f67c0bd5d6ba6fd5d816548b066a,avax,,0x095ea7b3,,83522.43,18,0.01%,86.40%
0x284ddada0b71f2d0d4e395b69b1013dbf6f3e6c1,base,,0x095ea7b3,,128116.03,18,0.01%,86.41%
0x01783cbc4e3b7579ca2b2692774f3eace0f611ee,base,,0x837d8cf4,,36466.64,18,0.01%,86.42%
0xda10009cbd5d07dd0cecc66161fc93d7c9000da1,op,,0x095ea7b3,,422110.6082,18,0.01%,86.43%
0x9c68cd0568eb47bad36ecd8090e6c1d1396a7783,base,,0x01,,117207.11,18,0.01%,86.44%
0xa1a52e35bf516edbd166d9a1b0097cbf11483a5d,eth,,0xa9059cbb,,3404573,18,0.01%,86.44%
0xf25485901827686bc9012905ccea9843c696eddc,base,,0x6786062f,,110247.8967,18,0.01%,86.45%
0x7a0bea791a3fde0911f910f3fa5875f5b4a294e1,base,,0x2e4dbe8f,,17700.69182,18,0.01%,86.46%
0x8e86e46278518efc1c5ced245cba2c7e3ef11557,zksync,,0x095ea7b3,,3136330.69,18,0.01%,86.47%
0x49ad262c49c7aa708cc2df262ed53b64a17dd5ee,eth,,0x5b8d8b33,,135803.21,18,0.01%,86.48%
0x18f880a04f8ad0da98414672184146d17fe1d2da,base,,0xc00007b0,,197208.94,17,0.01%,86.49%
0xf6d1b85af155229acd7b523601148585a1ff67c6,matic,,0x4d8eb822,,13486.06162,17,0.01%,86.50%
0x924142568e43ed1b5c5556767fe986d880fbef87,arb,,0x718f2430,,2935958,17,0.01%,86.51%
0x0e3efd5be54cc0f4c64e0d186b0af4b7f2a0e95f,eth,,0x7b0472f0,,46227.93118,17,0.01%,86.52%
0xa2ab69a98a30050afce7e9ecd39231223d74fd09,eth,,0xb07b8764,,82558.12687,17,0.01%,86.53%
0xbaac2b4491727d78d2b78815144570b9f2fe8899,eth,,0x095ea7b3,,181357.8622,17,0.01%,86.53%
0x6bded42c6da8fbf0d2ba55b2fa120c5e0c8d7891,base,,0xb6f9de95,,806.838689,17,0.01%,86.54%
0xe3d1a117df7dcac2eb0ac8219341bad92f18dac1,ftm,,0x7ac09bf7,,500101.295,17,0.01%,86.55%
0xf6e584f37c1c8c5bc66f025370bfe1c802830fe5,base,,0x21ea0c37,,36466.64,17,0.01%,86.56%
0xc55126051b22ebb829d00368f4b12bde432de5da,eth,,0xa9059cbb,,176466.6898,17,0.01%,86.57%
0x1231deb6f5749ef6ce6943a275a1d3e7486f4eae,arb,,0xe40f2460,,86355.08286,17,0.01%,86.58%
0x068579f7d6f8ff03f2ea134d3f8852424d8b0062,bsc,,0xc002c4d6,,166828.21,17,0.01%,86.59%
0x532f27101965dd16442e59d40670faf5ebb142e4,base,,0x095ea7b3,,54238.7097,17,0.01%,86.60%
0x9168765ee952de7c6f8fc6fad5ec209b960b7622,eth,,0x8c3152e9,,3767690.991,17,0.01%,86.60%
0x033f193b3fceb22a440e89a2867e8fee181594d9,arb,,0x095ea7b3,,91744.19091,17,0.01%,86.61%
0x9702230a8ea53601f5cd2dc00fdbc13d4df4a8c7,avax,,0xa9059cbb,,59932.10167,17,0.01%,86.62%
0x86ca30bef97fb651b8d866d45503684b90cb3312,op,,0xeea0d7b2,,613417.08,17,0.01%,86.63%
0x838ca7020452b9b29bae7c3a116da3dc978dfc73,arb,,0x4e71d92d,,53091.58,17,0.01%,86.64%
0xff970a61a04b1ca14834a43f5de4533ebddb5cc8,arb,,0x23b872dd,,36466.64,17,0.01%,86.65%
0x6f3319133e125d159ba34a4d3e0d0d55aa46e372,arb,,0x095ea7b3,,2935958,17,0.01%,86.66%
0x8ab178c07184ffd44f0adff4ea2ce6cfc33f3b86,base,,0x31e69d2d,,323558.0636,17,0.01%,86.67%
0x74a09653a083691711cf8215a6ab074bb4e99ef5,eth,,0xf6326fb3,,3469857.67,17,0.01%,86.67%
0x74ccbe53f77b08632ce0cb91d3a545bf6b8e0979,arb,,0x095ea7b3,,2751236.8,17,0.01%,86.68%
0x0f7b3f5a8fed821c5eb60049538a548db2d479ce,eth,,0x23b872dd,,36466.64,17,0.01%,86.69%
0xc8b6950e0654a7368ce1a8855ed90e987dac2d8d,eth,,0x379607f5,,841632.238,17,0.01%,86.70%
0x812de7b8cc9dc7ad5bc929d3337bfb617dcc7949,zksync,,0x1249c58b,,24536.095,17,0.01%,86.71%
0x557cc8dc392f8a3b41f6cf9c5595560ace59a8fb,arb,,0xf2e16b3c,,0,17,0.01%,86.72%
0x3b72616376652cc82f17dd7a9b58f71cdb3b98b0,arb,,0xe7c0d71f,,125573.472,17,0.01%,86.73%
0x00000000000000adc04c56bf30ac9d3c0aaf14dc,arb,,0x87201b41,,583783.499,17,0.01%,86.74%
0x398baa6ffc99126671ab6be565856105a6118a40,avax,,0xfbee349d,,69838.63,17,0.01%,86.74%
0x1111111254eeb25477b68fb85ed929f73a960582,eth,,0x9570eeee,,470211.769,17,0.01%,86.75%
0x3e8006cc1c86449e27f41be8938f90f6918f8cf9,eth,,0x02327c0a,,24368.81254,17,0.01%,86.76%
0xddc80e37f560f4da5e7039ae60501c7074ab44cd,base,,0xe2bbb158,,210965.823,17,0.01%,86.77%
0x22f3711aea16e12cb7b8c1d39d3acdea239b91e7,bsc,,0xffd8121b,,10667.70667,17,0.01%,86.78%
0x61aad0924a686d07c52e05638a0ac6f66b04ccad,op,,0x434dcfba,,104419.94,17,0.01%,86.79%
0xed3217646d10d40e1eaae150e004aa2bdcfcea62,zksync,,0x72f66b67,,25323.02462,17,0.01%,86.80%
0x777777e8850d8d6d98de2b5f64fae401f96eff31,base,,0xf54f216a,,27172.72636,17,0.01%,86.81%
0x0b2402144bb366a632d14b83f244d2e0e21bd39c,arb,,0x0f5287b0,,940854.0671,17,0.01%,86.81%
0x7f39c581f595b53c5cb19bd0b3f8da6c935e2ca0,eth,,0xea598cb0,,2998902.54,17,0.01%,86.82%
0x48b07695c41aac54cc35f56af25573dd19235c6f,arb,,0xfb4b71bb,,95904.06,17,0.01%,86.83%
0x3b72616376652cc82f17dd7a9b58f71cdb3b98b0,arb,,0xfdee8167,,191146.6267,17,0.01%,86.84%
0x177c3973b16c16fb5d934ca92b6e6afb03383268,eth,,0x095ea7b3,,56658.4081,17,0.01%,86.85%
0xce0e4e4d2dc0033ce2dbc35855251f4f3d086d0a,bsc,,0xcfc93274,,49185.66816,17,0.01%,86.86%
0xce16f69375520ab01377ce7b88f5ba8c48f8d666,op,,0x846a1bc6,,112449.6894,17,0.01%,86.87%
0xd07d35368e04a839dee335e213302b21ef14bb4a,arb,,0x095ea7b3,,192515.6942,17,0.01%,86.88%
0x72ce9c846789fdb6fc1f34ac4ad25dd9ef7031ef,eth,,0xd2ce7d65,,2212463.98,17,0.01%,86.88%
0xb7d488da393b4f34813dabeb295931a2b86ea505,base,,0x6a627842,,22800.04,17,0.01%,86.89%
0x32226588378236fd0c7c4053999f88ac0e5cac77,arb,,0x5ae401dc,,559137.1743,17,0.01%,86.90%
0xf047ab4c75cebf0eb9ed34ae2c186f3611aeafa6,eth,,0xf3fef3a3,,1728482.933,17,0.01%,86.91%
0x04fa0d235c4abf4bcf4787af4cf447de572ef828,eth,,0xa9059cbb,,1715365.92,17,0.01%,86.92%
0x710287d1d39dcf62094a83ebb3e736e79400068a,eth,,0x095ea7b3,,100188.2585,17,0.01%,86.93%
0xaaa2564deb34763e3d05162ed3f5c2658691f499,arb,,0x7ac09bf7,,495165.57,17,0.01%,86.94%
0xc90e88d30b99442b6994915f3b146ce3d55982d9,base,,0x095ea7b3,,116854.0533,17,0.01%,86.95%
0x07e49d5de43dda6162fa28d24d5935c151875283,arb,,0x095ea7b3,,1481058.42,17,0.01%,86.95%
0xecb5df8f302706bc0a8f383904b67663b886a9e1,base,,0xf3b0732a,,0,17,0.01%,86.96%
0x4370e48e610d2e02d3d091a9d79c8eb9a54c5b1c,eth,,0x82cee55c,,3226312.76,17,0.01%,86.97%
0x32f05f390217990404392a4ddaf39d31db4aff77,op,,0xf3931d5d,,15188936,17,0.01%,86.98%
0x65778953d291dd1e3a97c6b4d8beea188b650077,base,,0x69a467a4,,86527.17,17,0.01%,86.99%
0x89b2249d7fbb30765d94c163929cd04b5afa77e3,arb,,0x211f0036,,178512.264,17,0.01%,87.00%
0xb4315e873dbcf96ffd0acd8ea43f689d8c20fb30,avax,,0x8efc2b2c,,78958.81857,17,0.01%,87.01%
0xb3c40b02f38f61f3d141c325c19f35b1f9df99ca,arb,,0x35347fc5,,323269.77,17,0.01%,87.02%
0xb97ef9ef8734c71904d8002f8b6bc66dd9c48a6e,avax,,0xa9059cbb,,1145595.021,17,0.01%,87.02%
0xf21661d0d1d76d3ecb8e1b9f1c923dbfffae4097,eth,,0x23b872dd,,36466.64,16,0.01%,87.03%
0xc71b5f631354be6853efe9c3ab6b9590f8302e81,eth,,0xa9059cbb,,21877.90235,16,0.01%,87.04%
0x802489fe61792107f42a0e1dd1e988c0af8ce193,eth,,0x02327c0a,,128598.0308,16,0.01%,87.05%
0xa062ae8a9c5e11aaa026fc2670b0d65ccc8b2858,op,,0x0dede6c4,,1892278.896,16,0.01%,87.06%
0x3561008a55745327136a4e64bd2b029a6e2d64f0,eth,,0x4e71d92d,,318048.118,16,0.01%,87.07%
0x5cc5b05a8a13e3fbdb0bb9fccd98d38e50f90c38,eth,,0x42842e0e,,36466.64,16,0.01%,87.07%
0x253553366da8546fc250f225fe3d25d0c782303b,eth,,0x74694a2b,,22018.25313,16,0.01%,87.08%
0x77e06c9eccf2e797fd462a92b6d7642ef85b0a44,eth,,0xa9059cbb,,135377.1167,16,0.01%,87.09%
0x3d9907f9a368ad0a51be60f7da3b97cf940982d8,arb,,0xa9059cbb,,89112.7425,16,0.01%,87.10%
0xd0a40eb7fd94ee97102ba8e9342243a2b2e22207,eth,,0x56efe98c,,96641.17,16,0.01%,87.11%
0xff0c532fdb8cd566ae169c1cb157ff2bdc83e105,base,,0x095ea7b3,,81798.802,16,0.01%,87.12%
0x327dd3208f0bcf590a66110acb6e5e6941a4efa0,bsc,,0xc04b8d59,,193429.755,16,0.01%,87.12%
0xc36442b4a4522e871399cd717abdd847ab11fe88,matic,,0xac9650d8,,759350.3679,16,0.01%,87.13%
0xc13e21b648a5ee794902342038ff3adab66be987,eth,,0x02c205f0,,10129193.1,16,0.01%,87.14%
0xb9fe82ab6e0fbbd2647b9f9ac0d965b77d4a43f9,eth,,0x1feed31f,,136738.4225,16,0.01%,87.15%
0xa195608c2306a26f727d5199d5a382a4508308da,arb,,0xe5672e23,,33544.33,16,0.01%,87.16%
0x1bacc2205312534375c8d1801c27d28370656cff,arb,,0xca23bb4c,,2607433.574,16,0.01%,87.16%
0xc27980812e2e66491fd457d488509b7e04144b98,bsc,,0x81b4e8b4,,10640.37714,16,0.01%,87.17%
0x18385240632282bb38c2f6f279c9c2735da38cf6,eth,,0x42842e0e,,73384.875,16,0.01%,87.18%
0x8ab178c07184ffd44f0adff4ea2ce6cfc33f3b86,base,,0x2ad26a04,,227676.3369,16,0.01%,87.19%
0x00000000000000000000000000000000000face7,eth,,0x64617461,,42930.91,16,0.01%,87.20%
0x102442a3ba1e441043154bc0b8a2e2fb5e0f94a7,arb,,0xa415bcad,,197208.94,16,0.01%,87.21%
0xb97ef9ef8734c71904d8002f8b6bc66dd9c48a6e,avax,,0x23b872dd,,36466.64,16,0.01%,87.21%
0x3efcd659b7a45d14dda8a102836ce4b765c42324,matic,,0x095ea7b3,,61046.91556,16,0.01%,87.22%
0x57b8792c775d34aa96092400983c3e112fcbc296,eth,,0xee2f675e,,31934.73,16,0.01%,87.23%
0xa19fd5ab6c8dcffa2a295f78a5bb4ac543aaf5e3,arb,,0x523eb537,,2448.25,16,0.01%,87.24%
0x95640a134721475bc78594c8ea66c0182c7b9a50,eth,,0x095ea7b3,,68176.0263,16,0.01%,87.25%
0xc649989246faa59bbefa7c65551cc4461e823320,base,,0x6a627842,,1923819.379,16,0.01%,87.26%
0xa3f5a536f931855337bbad572730f241175fdcf3,arb,,0xfb4d364c,,0,16,0.01%,87.26%
0xcd7df361aa1debe7331a76fffd7f457de22400d1,arb,,0x526a6922,,20596.30571,16,0.01%,87.27%
0x0e09fabb73bd3ade0a17ecc321fd13a19e81ce82,bsc,,0x23b872dd,,36466.64,16,0.01%,87.28%
0x3ee18b2214aff97000d974cf647e7c347e8fa585,eth,,0xc6878519,,1225485.304,16,0.01%,87.29%
0x7d2768de32b0b80b7a3454c06bdac94a69ddc7a9,eth,,0xe8eda9df,,660150.66,16,0.01%,87.30%
0xce16f69375520ab01377ce7b88f5ba8c48f8d666,arb,,0x21477960,,1217627.567,16,0.01%,87.30%
0x4dbd4fc535ac27206064b68ffcf827b0a60bab3f,eth,,0x439370b1,,1500555.24,16,0.01%,87.31%
0xd0a906db82eedefa44ad07eaca6f39fcb81d3afe,zksync,,0x40c10f19,,3267.54,16,0.01%,87.32%
0xd7bae919114d36fa5ac5de0ce5d879473fb6b88c,eth,,0x02327c0a,,105133.0482,16,0.01%,87.33%
0x2e0017626a4de9d09e54ebd013ec83827ba68a6b,base,,0x9dbb844d,,1860094.771,16,0.01%,87.34%
0xdef171fe48cf0115b1d80b88dc8eab59176fee57,avax,,0x54e3f31b,,429035.86,16,0.01%,87.35%
0x2f59e9086ec8130e21bd052065a9e6b2497bb102,base,,0xdb6b5246,,63167.658,16,0.01%,87.35%
0x61dc14b28d4dbcd6cf887e9b72018b9da1ce6ff7,eth,,0x97feb926,,1295643.153,16,0.01%,87.36%
0x40c2344ff770c666535c3c76e28376e04d663ec0,matic,,0x3183d9ef,,1126.4,16,0.01%,87.37%
0xb4e570232d3e55d2ee850047639dc74da83c7067,eth,,0xa22cb465,,193082.791,16,0.01%,87.38%
0x9d65ff81a3c488d585bbfb0bfe3c7707c7917f54,eth,,0xa9059cbb,,3404573,16,0.01%,87.39%
0x0000000000c2d145a2526bd8c716263bfebe1a72,arb,,0x32389b71,,675849.8384,16,0.01%,87.40%
0x2dffbcec2a72134f848f7161308a0ac172457689,base,,0x82cee55c,,3226312.76,16,0.01%,87.40%
0xe90d8fb7b79c8930b5c8891e61c298b412a6e81a,eth,,0xa22cb465,,51878.03333,16,0.01%,87.41%
0x1645787ddcb380932130f0d8c22e6bf53a38e725,eth,,0xefef39a1,,35279.4575,16,0.01%,87.42%
0xa19fd5ab6c8dcffa2a295f78a5bb4ac543aaf5e3,arb,,0xdea9b464,,2448.25,16,0.01%,87.43%
0xde5d4949f445650325c7c8739610c3a979c7a6db,eth,,0x607e2737,,86284.07125,16,0.01%,87.44%
0x4a220e6096b25eadb88358cb44068a3248254675,eth,,0x23b872dd,,36466.64,16,0.01%,87.44%
0x1d20a51f088492a0f1c57f047a9e30c9ab5c07ea,eth,,0xa22cb465,,180744.6073,16,0.01%,87.45%
0x4095f064b8d3c3548a3bebfd0bbfd04750e30077,eth,,0xac9650d8,,6185100.425,16,0.01%,87.46%
0x036676389e48133b63a802f8635ad39e752d375d,eth,,0xc3ae1766,,2814395.92,16,0.01%,87.47%
0x2dffbcec2a72134f848f7161308a0ac172457689,base,,0x9c421449,,3226312.76,16,0.01%,87.48%
0x00000f312c54d0dd25888ee9cdc3dee988700000,base,,0x065573f8,,36466.64,16,0.01%,87.49%
0x4370e48e610d2e02d3d091a9d79c8eb9a54c5b1c,eth,,0x9c421449,,3226312.76,16,0.01%,87.49%
0x32eb7902d4134bf98a28b963d26de779af92a212,arb,,0x095ea7b3,,483806.291,16,0.01%,87.50%
0x4ab75e9cdf450c4204828c05f01491a356880a16,matic,,0xffd8121b,,31908.46,16,0.01%,87.51%
0x471d9c4ae310fbcacc9f3c6d2ced1e520ba514d8,arb,,0x9c421449,,3226312.76,16,0.01%,87.52%
0x0521fa0bf785ae9759c7cb3cbe7512ebf20fbdaa,eth,,0xb4b19278,,174828.2787,16,0.01%,87.53%
0x8ebfd97b4e6a4e94759c15588459e3b07b4fe1a2,arb,,0x4641257d,,45527.37,16,0.01%,87.54%
0x3808e8c983023a125ffe2714e2a703a3bf02be0d,arb,,0xac9650d8,,12506.73,16,0.01%,87.54%
0xfd225c9e6601c9d38d8f98d8731bf59efcf8c0e3,matic,,0xc78cf1a0,,956269.7231,16,0.01%,87.55%
0xea52c6f9f6073639cfb5f5736d00d7aa8a512ac0,eth,,0x9da906e8,,3557.3,16,0.01%,87.56%
0x31c2c031fdc9d33e974f327ab0d9883eae06ca4a,zksync,,0x095ea7b3,,25147.12,16,0.01%,87.57%
0x052ab3fd33cadf9d9f227254252da3f996431f75,arb,,0x996cba68,,1574990.85,16,0.01%,87.58%
0xaaa2564deb34763e3d05162ed3f5c2658691f499,arb,,0xeab37eec,,112732.68,16,0.01%,87.58%
0x7a250d5630b4cf539739df2c5dacb4c659f2488d,eth,,0x7ff36ab5,,229253.685,16,0.01%,87.59%
0x531bc6e97b65adf8b3683240bd594932cfb63797,arb,,0xf3621c90,,121169.5967,16,0.01%,87.60%
0xa8ed4d2c3f6f98a55cdded97c5ae9b932b0633a4,op,,0x48a15e6f,,66035.6,16,0.01%,87.61%
0xba7bac71a8ee550d89b827fe6d67bc3dca07b104,matic,,0x597c2b62,,28621.4475,16,0.01%,87.62%
0xfc55d0e3045bae717ad06d7642228405b365a013,eth,,0x95a2251f,,1537817.63,16,0.01%,87.63%
0x735adbbe72226bd52e818e7181953f42e3b0ff21,eth,,0x58a997f6,,3076208.958,16,0.01%,87.63%
0x659a3a109789b19fe6b6cb36389ee77f1807c54f,arb,,0x3d13f874,,46416.06786,15,0.01%,87.64%
0x4cfa50b7ce747e2d61724fcac57f24b748ff2b2a,arb,,0x095ea7b3,,12457.805,15,0.01%,87.65%
0x4fc1cc62e5d0b12f5a9e3213b4177d2edb301f30,arb,,0x2a26a396,,2061852.257,15,0.01%,87.66%
0x45c36b3ee5f6c9b4b494515b21a59b8b78336536,bsc,,0x2ae3594a,,83417.995,15,0.01%,87.67%
0x67ac031540320886f2706f3e8e680919d7f547a1,base,,0x095ea7b3,,136852.5567,15,0.01%,87.67%
0x5be754ad77766089c4284d914f0cc37e8e3f669a,arb,,0xa694fc3a,,4049534.17,15,0.01%,87.68%
0x69ac278f393f4daa698e685909b3aedbf95c1c49,base,,0xf3b0732a,,11400.02,15,0.01%,87.69%
0x1250b98cbde9f99f4c42dcdacee193221f17eb50,eth,,0xa9059cbb,,3404573,15,0.01%,87.70%
0xa766d1b50ebdbf1dde13db1f53d4a2c58ab5ec29,eth,,0x40d097c3,,113587.2097,15,0.01%,87.70%
0x794a61358d6845594f94dc1db02a252b5b4814ad,arb,,0xa415bcad,,100706.356,15,0.01%,87.71%
0x8881562783028f5c1bcb985d2283d5e170d88888,eth,,0xa9059cbb,,186335.64,15,0.01%,87.72%
0xe6f3494e839f3d3fb36c407eb35cd85d90dc3704,eth,,0xf0fd1084,,158827.6763,15,0.01%,87.73%
0x3a23f943181408eac424116af7b7790c94cb97a5,bsc,,0x00000002,,126720.0173,15,0.01%,87.73%
0x738865301a9b7dd80dc3666dd48cf034ec42bdda,eth,,0x095ea7b3,,59921.76,15,0.01%,87.74%
0x45f1a95a4d3f3836523f5c83673c797f4d4d263b,base,,0x87b21efc,,28094.25727,15,0.01%,87.75%
0x00000000ede6d8d217c60f93191c060747324bca,arb,,0xbbcac6bb,,197208.94,15,0.01%,87.76%
0x32353a6c91143bfd6c7d363b546e62a9a2489a20,eth,,0xa9059cbb,,3404573,15,0.01%,87.77%
0x6b89b97169a797d94f057f4a0b01e2ca303155e4,eth,,0xa9059cbb,,3404573,15,0.01%,87.77%
0xdfaab828f5f515e104baaba4d8d554da9096f0e4,zksync,,0x095ea7b3,,30491.745,15,0.01%,87.78%
0x53bf833a5d6c4dda888f69c22c88c9f356a41614,arb,,0xc4de93a5,,44870.52625,15,0.01%,87.79%
0x5de40c1152c990492eaeaeecc4ecaab788bbc4fd,bsc,,0x095ea7b3,,130507.77,15,0.01%,87.80%
0x28300d1c687b1f982d67f8a74efded5427da6ec1,eth,,0xa9059cbb,,3404573,15,0.01%,87.80%
0x64aa3364f17a4d01c6f1751fd97c2bd3d7e7f1d5,eth,,0x095ea7b3,,3484553.084,15,0.01%,87.81%
0x2da10a1e27bf85cedd8ffb1abbe97e53391c0295,zksync,,0xe84d494b,,41973.77,15,0.01%,87.82%
0xbea0000029ad1c77d3d5d23ba2d8893db9d1efab,eth,,0x095ea7b3,,334517.465,15,0.01%,87.83%
0x3b72616376652cc82f17dd7a9b58f71cdb3b98b0,arb,,0x2ab3384b,,146356.69,15,0.01%,87.84%
0x9da2521dc946b221404f19140d3659fe8a1a57ca,zksync,,0x40c10f19,,3267.54,15,0.01%,87.84%
0x8b791913eb07c32779a16750e3868aa8495f5964,zksync,,0x3a8e53ff,,46390.508,15,0.01%,87.85%
0x7a58c0be72be218b41c608b7fe7c5bb630736c71,eth,,0xa9059cbb,,1717124.72,15,0.01%,87.86%
0x8a555e4fc287650f5e8ca1778a35dd44e893d6aa,arb,,0x51905636,,23381.58,15,0.01%,87.87%
0x24bbc063def30ae81aecc659b97a8b2562b2afcd,op,,0x14d9e096,,16012.33909,15,0.01%,87.87%
0xea52c6f9f6073639cfb5f5736d00d7aa8a512ac0,eth,,0x273cc931,,3557.3,15,0.01%,87.88%
0x3335733c454805df6a77f825f266e136fb4a3333,arb,,0xe1fcde8e,,53580.38266,15,0.01%,87.89%
0x40e9187078032afe1a30cfcf76e4fe3d7ab5c6c5,eth,,0x23b872dd,,36466.64,15,0.01%,87.90%
0x5a98fcbea516cf06857215779fd812ca3bef1b32,eth,,0xa9059cbb,,6339171.14,15,0.01%,87.90%
0x3a23f943181408eac424116af7b7790c94cb97a5,op,,0x00000184,,318149.8394,15,0.01%,87.91%
0x83fc503345dcde6197b2bd8eaa82ccb4b737be40,base,,0xc00007b0,,166652.4633,15,0.01%,87.92%
0xc06a5d3014b9124bf215287980305af2f793eb30,arb,,0xbad55ca1,,4071171.767,15,0.01%,87.93%
0x45e15d1e4f92f28a916f4f2971ad9adc278e148b,arb,,0x4e71d92d,,401809.4267,15,0.01%,87.94%
0xcf5ea1b38380f6af39068375516daf40ed70d299,eth,,0xb7482509,,2582716.578,15,0.01%,87.94%
0x2039bb4116b4efc145ec4f0e2ea75012d6c0f181,zksync,,0x095ea7b3,,17861.02615,15,0.01%,87.95%
0xe3cbd06d7dadb3f4e6557bab7edd924cd1489e8f,eth,,0xa694fc3a,,3731819.369,15,0.01%,87.96%
0xfae103dc9cf190ed75350761e95403b7b8afa6c0,eth,,0x095ea7b3,,1066462.298,15,0.01%,87.97%
0x817f772398fe3d804ecfd418b944eab7ce662ca3,eth,,0x23dbf19f,,860914.472,15,0.01%,87.97%
0x7b0614215649e6219d3c84afd2d92a2f9ec995a0,arb,,0x02327c0a,,3975540.17,15,0.01%,87.98%
0x000000000022d473030f116ddee9f6b43ac78ba3,eth,,0x87517c45,,121101.742,15,0.01%,87.99%
0xc94abf0292ac04aac18c251d9c8169a8dd2bbbdc,linea,,0x48a15e6f,,103236.9164,15,0.01%,88.00%
0xa062ae8a9c5e11aaa026fc2670b0d65ccc8b2858,op,,0x5a47ddc3,,2610546.37,15,0.01%,88.01%
0x7b6625637fa74fe6f13d3f17364f1e8f1893096c,op,,0x0f8d1d28,,57662.91,15,0.01%,88.01%
0xae78736cd615f374d3085123a210448e74fc6393,eth,,0x095ea7b3,,2970403.955,15,0.01%,88.02%
0xfd086bc7cd5c481dcc9c85ebe478a1c0b69fcbb9,arb,,0xd505accf,,36466.64,15,0.01%,88.03%
0xcf77a3ba9a5ca399b7c97c74d54e5b1beb874e43,base,,0x88cd821e,,469699.094,15,0.01%,88.04%
0xcafd2f0a35a4459fa40c0517e17e6fa2939441ca,eth,,0x1019d654,,1673420.609,15,0.01%,88.04%
0x24fcfc492c1393274b6bcd568ac9e225bec93584,eth,,0x095ea7b3,,436934.5092,15,0.01%,88.05%
0x17798ba794ad94dad0b7d3f4b9bc2e9f6486d4b9,arb,,0xa22cb465,,94573.15333,15,0.01%,88.06%
0x9b5def958d0f3b6955cbea4d5b7809b2fb26b059,zksync,,0xeb1432f0,,38341.6826,15,0.01%,88.07%
0xac51066d7bec65dc4589368da368b212745d63e8,eth,,0xa9059cbb,,3404573,15,0.01%,88.07%
0xd533a949740bb3306d119cc777fa900ba034cd52,eth,,0x095ea7b3,,4662291.924,15,0.01%,88.08%
0x0000000000489d89d2b233d3375c045dfd05745f,eth,,0xc2288147,,194942.41,15,0.01%,88.09%
0xfeea44bc2161f2fe11d55e557ae4ec855e2d1168,eth,,0x00f714ce,,152879.44,15,0.01%,88.10%
0x7420b4b9a0110cdc71fb720908340c03f9bc03ec,eth,,0x23b872dd,,36466.64,15,0.01%,88.11%
0x988d79522285636d4c05bd79b798ca8d2909331c,arb,,0x4641257d,,127279.01,15,0.01%,88.11%
0xc17374e2c8febabf509f2671f5fb8aaac3236031,eth,,0x02327c0a,,139110.5114,15,0.01%,88.12%
0x3071be11f9e92a9eb28f305e1fa033cd102714e7,eth,,0x441a3e70,,13691.37333,15,0.01%,88.13%
0x052ab3fd33cadf9d9f227254252da3f996431f75,arb,,0x04568df3,,177254.13,15,0.01%,88.14%
0x65c936f008bc34fe819bce9fa5afd9dc2d49977f,arb,,0x095ea7b3,,762132.984,15,0.01%,88.14%
0x21b14441c489f9720d9cac4cde30db423885d144,eth,,0x02327c0a,,88740.7884,15,0.01%,88.15%
0x70e967acfcc17c3941e87562161406d41676fd83,bsc,,0xd91b507f,,36358.8225,15,0.01%,88.16%
0x2ba6cc80f34eff2f55c6cac2c1b76239dd9d41e4,base,,0x841d60f2,,56045.6825,15,0.01%,88.17%
0xbd3531da5cf5857e7cfaa92426877b022e612cf8,eth,,0xa22cb465,,315845.35,15,0.01%,88.17%
0x9b5def958d0f3b6955cbea4d5b7809b2fb26b059,zksync,,0x353766c6,,2208151.524,15,0.01%,88.18%
0x26ee4ba1f0017f411c400a729115c4389e85c42c,linea,,0x1a3e7c8b,,22013.15857,15,0.01%,88.19%
0xfd41041180571c5d371bea3d9550e55653671198,arb,,0x7b4e51f6,,86444.006,15,0.01%,88.20%
0x21be370d5312f44cb42ce377bc9b8a0cef1a4c83,ftm,,0x095ea7b3,,1354961.667,15,0.01%,88.21%
0x5e93c07a22111b327ee0eaec64028064448ae848,arb,,0x2892a977,,9071.045,15,0.01%,88.21%
0xa2d8f923cb02c94445d3e027ad4ee3df4a167dbd,eth,,0x1d02f109,,114866.4113,15,0.01%,88.22%
0xd37bbe5744d730a1d98d8dc97c42f0ca46ad7146,eth,,0x44bc937b,,449928.843,15,0.01%,88.23%
0xaa6cccdce193698d33deb9ffd4be74eaa74c4898,base,,0x095ea7b3,,62335.698,15,0.01%,88.24%
0x0001a500a6b18995b03f44bb040a5ffc28e45cb0,eth,,0x095ea7b3,,122168.3728,14,0.01%,88.24%
0xcf97adebad696781e6b75280ba11040a1a20c27a,linea,,0x64617461,,73824.36333,14,0.01%,88.25%
0xde30da39c46104798bb5aa3fe8b9e0e1f348163f,eth,,0x095ea7b3,,35913.24692,14,0.01%,88.26%
0x0000028a2eb8346cd5c0267856ab7594b7a55308,bsc,,0x095ea7b3,,23630.7123,14,0.01%,88.27%
0x5edac380d3057267ec6b05a75d165549ed4e3629,op,,0x2b85ba38,,36466.64,14,0.01%,88.27%
0x26e4cbc1579de5ec141e6b2218b54c895d98ee28,avax,,0x2b85ba38,,36466.64,14,0.01%,88.28%
0xc1d12f7aab7b1b7efea50085be0422499d944f17,eth,,0x3edf4fd6,,86774.06643,14,0.01%,88.29%
0xc78b628b060258300218740b1a7a5b3c82b3bd9f,eth,,0x095ea7b3,,207698.5001,14,0.01%,88.29%
0x1dadfeecddc23cf80b1fe2c3b3badec84ffae19e,bsc,,0x2b85ba38,,36466.64,14,0.01%,88.30%
0x4eed3a2b797bf5630517ecce2e31c1438a76bb92,arb,,0xac9650d8,,12506.73,14,0.01%,88.31%
0xf22abb024d56eab42d57eb039f6c0a74afb25bec,eth,,0x42842e0e,,55147.91,14,0.01%,88.32%
0xda10009cbd5d07dd0cecc66161fc93d7c9000da1,arb,,0xa9059cbb,,1490520.8,14,0.01%,88.32%
0x3a23f943181408eac424116af7b7790c94cb97a5,eth,,0x00000185,,206935.7729,14,0.01%,88.33%
0x8a2279d4a90b6fe1c4b30fa660cc9f926797baa2,eth,,0xa9059cbb,,1702291.65,14,0.01%,88.34%
0xc1cba3fcea344f92d9239c08c0568f6f2f0ee452,base,,0x095ea7b3,,212600.645,14,0.01%,88.34%
0x72c60bfffef18dca51db32b52b819a951b6ddbed,eth,,0x23b872dd,,36466.64,14,0.01%,88.35%
0x4a080377f83d669d7bb83b3184a8a5e61b500608,bsc,,0x095ea7b3,,783275.8033,14,0.01%,88.36%
0x17fc002b466eec40dae837fc4be5c67993ddbd6f,arb,,0x095ea7b3,,232056.1287,14,0.01%,88.37%
0x1280fe9eec7936fdf29866e989f6f67138172c19,base,,0x01,,2074.68,14,0.01%,88.37%
0x5d9dba2d0ec06f44da7e234cbb0d7ba921834ae8,arb,,0x983d95ce,,225369.7721,14,0.01%,88.38%
0x00000000005bbb0ef59571e58418f9a4357b68a0,eth,,0x60fc8466,,1525635.26,14,0.01%,88.39%
0xd8c383de549a4f6da6893e1a8b31d9117268b1ab,eth,,0x1feed31f,,216770.2945,14,0.01%,88.40%
0x3a23f943181408eac424116af7b7790c94cb97a5,arb,,0x00000192,,250605.3,14,0.01%,88.40%
0x82f0b8b456c1a451378467398982d4834b6829c1,ftm,,0x095ea7b3,,3226312.76,14,0.01%,88.41%
0xe08efb59e053a586415272c15cdf62758c698739,arb,,0x7cbc2373,,127279.01,14,0.01%,88.42%
0x569061e2d807881f4a33e1cbe1063bc614cb75a4,arb,,0x095ea7b3,,2935958,14,0.01%,88.42%
0xb2dab6190487cdc05a3bc815da4143b5868d1171,matic,,0x2b85ba38,,36466.64,14,0.01%,88.43%
0x13a7dedb7169a17be92b0e3c7c2315b46f4772b3,arb,,0x095ea7b3,,106871.288,14,0.01%,88.44%
0x6982508145454ce325ddbe47a25d4ec3d2311933,eth,,0x095ea7b3,,34928.1856,14,0.01%,88.45%
0xae0ee0a63a2ce6baeeffe56e7714fb4efe48d419,eth,,0xe2bbb158,,2276970.777,14,0.01%,88.45%
0x1f32b1c2345538c0c6f582fcb022739c4a194ebb,op,,0x095ea7b3,,898243.3571,14,0.01%,88.46%
0xc13e21b648a5ee794902342038ff3adab66be987,eth,,0x69328dec,,5315987.66,14,0.01%,88.47%
0xe5d7c2a44ffddf6b295a15c148167daaaf5cf34f,linea,,0x095ea7b3,,3835287.53,14,0.01%,88.47%
0x203e08d9f139a4fe8730ccad20aa333ae2128617,avax,,0x3ccfd60b,,183474.506,14,0.01%,88.48%
0x84bc1c66b7babc794bc035574cf49f6887301980,matic,,0x3183d9ef,,1126.4,14,0.01%,88.49%
0xf3d41b377c93fa5c3b0071966f1811c5063fad40,bsc,,0xf5c358c6,,15185136.75,14,0.01%,88.50%
0x0000030ec64df25301d8414ee5a29588c4b0de10,eth,,0xe609055e,,1089458.61,14,0.01%,88.50%
0x6123b0049f904d730db3c36a31167d9d4121fa6b,eth,,0x095ea7b3,,4048514.01,14,0.01%,88.51%
0x07e56b727e0eacfa53823977599905024c2de4f0,matic,,0x06e75722,,13426.396,14,0.01%,88.52%
0xa255ddb3bb7f12cac46494047506da4a67a805be,arb,,0x6023e966,,11248.635,14,0.01%,88.53%
0x8ac76a51cc950d9822d68b83fe1ad97b32cd580d,bsc,,0x23b872dd,,36466.64,14,0.01%,88.53%
0x04c154b66cb340f3ae24111cc767e0184ed00cc6,eth,,0x095ea7b3,,4911570.536,14,0.01%,88.54%
0x032b241de86a8660f1ae0691a4760b426ea246d7,linea,,0xac9650d8,,34938.00161,14,0.01%,88.55%
0xebf418fe2512e7e6bd9b87a8f0f294acdc67e6b4,base,,0x095ea7b3,,161947.1757,14,0.01%,88.55%
0xb4315e873dbcf96ffd0acd8ea43f689d8c20fb30,arb,,0xa3c7271a,,33515.83833,14,0.01%,88.56%
0x8a90cab2b38dba80c64b7734e58ee1db38b8992e,eth,,0x42842e0e,,14253.85,14,0.01%,88.57%
0x5e8422345238f34275888049021821e8e08caa1f,eth,,0x095ea7b3,,5767646.72,14,0.01%,88.58%
0x8248270620aa532e4d64316017be5e873e37cc09,eth,,0x095ea7b3,,234419.2129,14,0.01%,88.58%
0xdf4cb8492b260e4a05112cb911ca8d8b154ea727,base,,0x9dbb844d,,76970.25364,14,0.01%,88.59%
0xe96c788e66a97cf455f46c5b27786191fd3bc50b,base,,0x095ea7b3,,3945718.137,14,0.01%,88.60%
0x24db6717db1c75b9db6ea47164d8730b63875db7,eth,,0x2ebe07c8,,1464652.122,14,0.01%,88.60%
0xf75fd01d2262b07d92dca7f19bd6a3457060d7db,eth,,0x23b872dd,,2302.46,14,0.01%,88.61%
0x589515c3da64803bbdf9f7aeafe6970f122cbed0,arb,,0x2b85ba38,,36466.64,14,0.01%,88.62%
0x38e4a99a708d44e908a1f9378b6e684bdaf88dd4,eth,,0x0efe6a8b,,1589790.94,14,0.01%,88.63%
0x3a23f943181408eac424116af7b7790c94cb97a5,avax,,0x00000002,,126720.0173,14,0.01%,88.63%
0xd42126d46813472f83104811533c03c807e65435,linea,,0x9b7d30dd,,83414.105,14,0.01%,88.64%
0xb6d149c8dda37aaaa2f8ad0934f2e5682c35890b,eth,,0xbf6eac2f,,2424651.532,14,0.01%,88.65%
0x0000000000000068f116a894984e2db1123eb395,eth,,0x00000000,,336449.559,14,0.01%,88.65%
0x1231deb6f5749ef6ce6943a275a1d3e7486f4eae,matic,,0x3a3f7332,,357828.9335,14,0.01%,88.66%
0xf6e584f37c1c8c5bc66f025370bfe1c802830fe5,base,,0x2b85ba38,,36466.64,14,0.01%,88.67%
0x1d2f0da169ceb9fc7b3144628db156f3f6c60dbe,bsc,,0x23b872dd,,36466.64,14,0.01%,88.68%
0xba12222222228d8ba445958a75a0704d566bf2c8,eth,,0xb95cac28,,1715808.216,14,0.01%,88.68%
0xdef171fe48cf0115b1d80b88dc8eab59176fee57,eth,,0x46c67b6d,,1358167.136,14,0.01%,88.69%
0xec2432a227440139ddf1044c3fea7ae03203933e,eth,,0xb6b55f25,,101959.683,14,0.01%,88.70%
0x72c590349535ad52e6953744cb2a36b409542719,eth,,0xc5a62a99,,13590728.22,14,0.01%,88.71%
0x502580fc390606b47fc3b741d6d49909383c28a9,avax,,0x095ea7b3,,220978.42,14,0.01%,88.71%
0x64375b06f5c626a52d3ea5fe496812a08958fb68,eth,,0xa8f73d99,,1848.51,14,0.01%,88.72%
0xc18360217d8f7ab5e7c516566761ea12ce7f9d72,eth,,0x23b872dd,,36466.64,14,0.01%,88.73%
0xf250bf5953b601e42e93226f7a9e4e8b9e7435af,bsc,,0x42842e0e,,31603.57,14,0.01%,88.73%
0x6694340fc020c5e6b96567843da2df01b2ce1eb6,arb,,0x095ea7b3,,270067.8375,14,0.01%,88.74%
0xe3d1a117df7dcac2eb0ac8219341bad92f18dac1,ftm,,0xeb4aa7bb,,1408838.45,14,0.01%,88.75%
0x9d405d767b5d2c3f6e2ffbfe07589c468d3fc04e,zksync,,0x7ba0e2e7,,10878.61714,14,0.01%,88.76%
0x84edb15bcbf6818879c6fdf26a69700d43100a74,arb,,0x4641257d,,459353.99,14,0.01%,88.76%
0x5800249621da520adfdca16da20d8a5fc0f814d8,op,,0xe56461ad,,5085.5725,14,0.01%,88.77%
0x0447d3454b25935eed47f65b4bd22b9b23be326a,eth,,0x095ea7b3,,206289.4889,14,0.01%,88.78%
0x892785f33cdee22a30aef750f285e18c18040c3e,arb,,0x095ea7b3,,80811.1013,13,0.01%,88.78%
0xd084944d3c05cd115c09d072b9f44ba3e0e45921,eth,,0x095ea7b3,,638413.4889,13,0.01%,88.79%
0x663dc15d3c1ac63ff12e45ab68fea3f0a883c251,op,,0x4d8160ba,,55281.48518,13,0.01%,88.80%
0x7fc66500c84a76ad7e9c93437bfc5ac33e2ddae9,eth,,0xa9059cbb,,1920242.76,13,0.01%,88.80%
0x2d060ef4d6bf7f9e5edde373ab735513c0e4f944,bsc,,0x23b872dd,,36466.64,13,0.01%,88.81%
0xa0ef786bf476fe0810408caba05e536ac800ff86,eth,,0xa9059cbb,,24471.07333,13,0.01%,88.82%
0x39a5e83b79507336d002dfe505bf48b69d5c5fd4,matic,,0xf729ea1c,,19339.5,13,0.01%,88.82%
0x038ed1383763d704d4271fe856ac96b4557e9d06,eth,,0x095ea7b3,,55002.24856,13,0.01%,88.83%
0x25ab3efd52e6470681ce037cd546dc60726948d3,bsc,,0xc8173c44,,119849.522,13,0.01%,88.84%
0x686f2404e77ab0d9070a46cdfb0b7fecdd2318b0,eth,,0x095ea7b3,,313144.5338,13,0.01%,88.84%
0xa0924cc8792836f48d94759c76d32986bc74b54c,zksync,,0x2e4dbe8f,,47416.60667,13,0.01%,88.85%
0xaeb3607ec434454ceb308f5cd540875efb54309a,eth,,0x095ea7b3,,1270710.281,13,0.01%,88.86%
0xd592f705bdc8c1b439bd4d665ed99c4faad5a680,arb,,0x3111e7b3,,1809063.744,13,0.01%,88.86%
0xa0c05e2eed05912d9eb76d466167628e8024a708,base,,0x095ea7b3,,73052.62522,13,0.01%,88.87%
0x1e65e48532f6cf9747774777f3f1f6dc6cf0d81b,op,,0xd29b4abc,,90731.83211,13,0.01%,88.88%
0xc00e94cb662c3520282e6f5717214004a7f26888,eth,,0xa9059cbb,,8964027.405,13,0.01%,88.88%
0x00000000005bbb0ef59571e58418f9a4357b68a0,arb,,0x3dbe1c55,,2006852.473,13,0.01%,88.89%
0xfa4fff6d30b44686c15ce3d5e3e983ced8edf308,base,,0x0221492b,,105744.7669,13,0.01%,88.90%
0x8e0edfd6d15f858adbb41677b82ab64797d5afc0,eth,,0x1121868e,,13793.37,13,0.01%,88.90%
0x20547341e58fb558637fa15379c92e11f7b7f710,arb,,0x095ea7b3,,255635.649,13,0.01%,88.91%
0x6c5f2ce8ab5d6341ba9563c82ca7fa6fa0c35161,linea,,0x0c0a7630,,27455.01455,13,0.01%,88.92%
0x05735b65686635f5c87aa9d2dae494fb2e838f38,arb,,0x095ea7b3,,43253.35714,13,0.01%,88.92%
0x0fc3dd8c37880a297166bed57759974a157f0e74,eth,,0x42842e0e,,27380.11,13,0.01%,88.93%
0xc6ade8a68026d582ab37b879d188caf7e405dd09,eth,,0x47e7ef24,,1446759.48,13,0.01%,88.94%
0x1f573d6fb3f13d689ff844b4ce37794d79a7ff1c,eth,,0xa9059cbb,,3404573,13,0.01%,88.94%
0xeb7f9a3dce8b01c70687aaf7246d2180d6ea3232,avax,,0x2e1a7d4d,,139677.26,13,0.01%,88.95%
0xdb46d1dc155634fbc732f92e853b10b288ad5a1d,matic,,0x66b0dcd3,,8936.516667,13,0.01%,88.96%
0xdef1c0ded9bec7f1a1670819833240f027b25eff,arb,,0x706394d5,,820559.0495,13,0.01%,88.96%
0x808507121b80c02388fad14726482e061b8da827,eth,,0xa9059cbb,,5053808.07,13,0.01%,88.97%
0x0c880f6761f1af8d9aa9c466984b80dab9a8c9e8,arb,,0xa9059cbb,,4030156.283,13,0.01%,88.98%
0xa9b1eb5908cfc3cdf91f9b8b3a74108598009096,eth,,0x095ea7b3,,83974.355,13,0.01%,88.98%
0x9915d03d62b1d83f9a8890baebd72ed4bca49701,base,,0xc00007b0,,5874105.31,13,0.01%,88.99%
0x6352a56caadc4f1e25cd6c75970fa768a3304e64,ftm,,0x90411a32,,422007.2431,13,0.01%,89.00%
0x3a23f943181408eac424116af7b7790c94cb97a5,arb,,0x00000013,,31762.324,13,0.01%,89.00%
0x3a23f943181408eac424116af7b7790c94cb97a5,matic,,0x00000195,,66233.62632,13,0.01%,89.01%
0x1f272ab2bdc512cb59e7b49485efe16d2d7f9ffa,eth,,0x02327c0a,,251324.771,13,0.01%,89.02%
0x08a1c30bbb26425c1031ee9e43fa0b9960742539,eth,,0xe74f3fbb,,151044.2283,13,0.01%,89.02%
0xe08895b7ccad796936cb3126d88d12692611ab59,avax,,0x419905e5,,143747.835,13,0.01%,89.03%
0x7e6580f3ab4ea7faf13be49d050494de108770a0,base,,0x9dbb844d,,44042.1175,13,0.01%,89.04%
0x4f09bab2f0e15e2a078a227fe1537665f55b8360,base,,0xb6b55f25,,6208964.04,13,0.01%,89.05%
0x7e7a0e201fd38d3adaa9523da6c109a07118c96a,base,,0xc2288147,,145525.3451,13,0.01%,89.05%
0x296f55f8fb28e498b858d0bcda06d955b2cb3f97,op,,0x2e15238c,,83030.315,13,0.01%,89.06%
0xd7f1dd5d49206349cae8b585fcb0ce3d96f1696f,matic,,0x83d13e01,,12163.14396,13,0.01%,89.07%
0xae5f14a9aed2b56121fb964a84a9dff114296563,bsc,,0x6c75e721,,435912.52,13,0.01%,89.07%
0xce0e4e4d2dc0033ce2dbc35855251f4f3d086d0a,arb,,0xcfc93274,,49185.66816,13,0.01%,89.08%
0xca423977156bb05b13a2ba3b76bc5419e2fe9680,op,,0x84a7f3dd,,155958.413,13,0.01%,89.09%
0x74ad64bac8df96af2b63ea50c3d8840b79aa7a3b,base,,0x82cee55c,,3226312.76,13,0.01%,89.09%
0xca14007eff0db1f8135f4c25b34de49ab0d42766,eth,,0xa9059cbb,,1702286.5,13,0.01%,89.10%
0x93ee713ed861de9685e70fb1e1cfc47a8c839c0d,base,,0x441a3e70,,10542,13,0.01%,89.11%
0x111111125421ca6dc452d289314280a0f8842a65,op,,0x07ed2379,,568783.7374,13,0.01%,89.11%
0xf253ecea8aafead83e2e76b8db75f0dcb9ba90f0,arb,,0x80699b79,,3938142.45,13,0.01%,89.12%
0x00000000000000adc04c56bf30ac9d3c0aaf14dc,eth,,0xfb0f3ee1,,65915.34667,13,0.01%,89.13%
0x00000000000000adc04c56bf30ac9d3c0aaf14dc,eth,,0x5b34b966,,149562.785,13,0.01%,89.13%
0x1231deb6f5749ef6ce6943a275a1d3e7486f4eae,eth,,0xae0b91e5,,93324.36448,13,0.01%,89.14%
0x323665443cef804a3b5206103304bd4872ea4253,bsc,,0x095ea7b3,,947557.4394,13,0.01%,89.15%
0xbb505c54d71e9e599cb8435b4f0ceec05fc71cbd,base,,0x594d81e5,,393756.038,13,0.01%,89.15%
0x549020a9cb845220d66d3e9c6d9f9ef61c981102,eth,,0x23b872dd,,36466.64,13,0.01%,89.16%
0x18381c0f738146fb694de18d1106bde2be040fa4,zksync,,0x38ed1739,,22953.64571,13,0.01%,89.17%
0x00005ea00ac477b1030ce78506496e8c2de24bf5,base,,0x161ac21f,,47973.00286,13,0.01%,89.17%
0x4200000000000000000000000000000000000006,op,,0xd0e30db0,,1136356.369,13,0.01%,89.18%
0x29469395eaf6f95920e59f858042f0e28d98a20b,eth,,0xd386b343,,83609.88,13,0.01%,89.19%
0x9168765ee952de7c6f8fc6fad5ec209b960b7622,eth,,0x4870496f,,3767746.12,13,0.01%,89.19%
0xb667cdeffe7b52ddcb8b0d3c1e10c1cdd56fbdb7,op,,0x2f52ebb7,,2359215.185,13,0.01%,89.20%
0xdb46d1dc155634fbc732f92e853b10b288ad5a1d,matic,,0xb273b4a7,,10232.15667,13,0.01%,89.21%
0xaf9c4f6a0ceb02d4217ff73f3c95bbc8c7320cee,arb,,0x240214a3,,7259782.29,13,0.01%,89.21%
0xae5f14a9aed2b56121fb964a84a9dff114296563,bsc,,0x2c920d0a,,435912.52,13,0.01%,89.22%
0x6cdcb1c4a4d1c3c6d054b27ac5b77e89eafb971d,base,,0x095ea7b3,,4194177.37,13,0.01%,89.23%
0x00000000000000adc04c56bf30ac9d3c0aaf14dc,op,,0x00000000,,378896.2657,13,0.01%,89.23%
0x0bc529c00c6401aef6d220be8c6ea1667f6ad93e,eth,,0xa9059cbb,,3404573,13,0.01%,89.24%
0xe2c96a636c64322d444c58de20e599b3ce9c6116,bsc,,0x3d18b912,,165881.09,13,0.01%,89.25%
0x92d6c1e31e14520e676a687f0a93788b716beff5,eth,,0xa9059cbb,,1766318.89,13,0.01%,89.25%
0xa5f8c5dbd5f286960b9d90548680ae5ebff07652,bsc,,0xe2bbb158,,11583606.6,13,0.01%,89.26%
0xa238dd80c259a72e81d7e4664a9801593f98d1c5,base,,0x617ba037,,54976.30667,13,0.01%,89.27%
0x74ad64bac8df96af2b63ea50c3d8840b79aa7a3b,base,,0x9c421449,,3226312.76,13,0.01%,89.27%
0x3419875b4d3bca7f3fdda2db7a476a79fd31b4fe,eth,,0x095ea7b3,,159504.6146,13,0.01%,89.28%
0xec70dcb4a1efa46b8f2d97c310c9c4790ba5ffa8,arb,,0x095ea7b3,,139579.6211,13,0.01%,89.29%
0x17b5a77d6e7cde0e8d1f59bd1edb26d9badf6e9e,eth,,0x87151b88,,4341090.39,13,0.01%,89.29%
0x200bd65a3189930634af857c72281abe63c3da5e,matic,,0xe608f614,,16367.84667,13,0.01%,89.30%
0xbaf9c8ce65ffdf20019d5bfe980de8bc905db44e,eth,,0x2b85ba38,,36466.64,13,0.01%,89.31%
0xae5f14a9aed2b56121fb964a84a9dff114296563,bsc,,0x2017ddde,,435912.52,13,0.01%,89.31%
0x8707f238936c12c309bfc2b9959c35828acfc512,eth,,0x6ab498a3,,1322893.604,13,0.01%,89.32%
0x8ccd897ca6160ed76755383b201c1948394328c7,eth,,0xa9059cbb,,54788.894,13,0.01%,89.33%
0x1bacc2205312534375c8d1801c27d28370656cff,arb,,0x76a9099a,,17744.42857,13,0.01%,89.33%
0xe592427a0aece92de3edee1f18e0157c05861564,eth,,0xac9650d8,,90320.2921,13,0.01%,89.34%
0x420fca0121dc28039145009570975747295f2329,avax,,0x095ea7b3,,82069.49222,13,0.01%,89.35%
0xadd6b2f121ce67174e10548b6b1af212be4d71ea,arb,,0xfb4d364c,,0,13,0.01%,89.35%
0xcf77a3ba9a5ca399b7c97c74d54e5b1beb874e43,base,,0x12bc3aca,,2773329.173,13,0.01%,89.36%
0x577fd586c9e6ba7f2e85e025d5824dbe19896656,arb,,0x095ea7b3,,4422813.76,13,0.01%,89.37%
0x2791bca1f2de4661ed88a30c99a7a9449aa84174,matic,,0x23b872dd,,36466.64,13,0.01%,89.37%
0xdb844a84da3519d52cad0a4708aa22d8d372ab0d,base,,0x7cbc2373,,8827.546667,13,0.01%,89.38%
0x03aa6298f1370642642415edc0db8b957783e8d6,bsc,,0xa9059cbb,,64585.2975,13,0.01%,89.39%
0x00e1724885473b63bce08a9f0a52f35b0979e35a,op,,0x095ea7b3,,616233.8386,13,0.01%,89.39%
0x5483dc6abda5f094865120b2d251b5744fc2ecb5,eth,,0x095ea7b3,,85070.9796,13,0.01%,89.40%
0xac59f7e7e5da0dc4f416a7aeff7a49ac284f10ca,arb,,0xa0712d68,,3387392.562,13,0.01%,89.41%
0xddc80e37f560f4da5e7039ae60501c7074ab44cd,base,,0x441a3e70,,54028.835,13,0.01%,89.41%
0x59821011487236ade7f9823f028fc6d5f3758877,avax,,0x095ea7b3,,141057.3233,13,0.01%,89.42%
0x7dac480d20f322d2ef108a59a465ccb5749371c4,avax,,0xf5c358c6,,2600363.542,13,0.01%,89.43%
0x014b00eaf9e3764c7e525d07bf9633df5f70f4d2,matic,,0x3183d9ef,,1126.4,13,0.01%,89.43%
0x052ab3fd33cadf9d9f227254252da3f996431f75,arb,,0x0428d084,,2088192.475,13,0.01%,89.44%
0x59c7c832e96d2568bea6db468c1aadcbbda08a52,base,,0xa94e78ef,,4458072.12,13,0.01%,89.45%
0xe2c9d72362c96f762efa1ae0dc416910e2b51850,matic,,0x3183d9ef,,1126.4,13,0.01%,89.45%
0x37d4bfc8c583d297a0740d734b271eac9a88ade4,linea,,0xd85d3d27,,39135.15615,13,0.01%,89.46%
0x00000f312c54d0dd25888ee9cdc3dee988700000,op,,0x065573f8,,36466.64,13,0.01%,89.47%
0x253da544f498b85429f6acdc6e98b36b36c1c824,base,,0x095ea7b3,,167676.675,13,0.01%,89.47%
0x3caae25ee616f2c8e13c74da0813402eae3f496b,arb,,0x7cbc2373,,412205.6467,13,0.01%,89.48%
0x01f2d0bd6ea5f04547f671157285025708a200e8,arb,,0x6a761202,,3557.3,13,0.01%,89.49%
0xd7807e5752b368a6a64b76828aaff0750522a76e,eth,,0x48686626,,308488.551,13,0.01%,89.49%
0xbf94ed69281709958c8f60bc15cd1bb6badcd4a4,arb,,0xf2cac920,,1380.936667,13,0.01%,89.50%
0xaf5191b0de278c7286d6c7cc6ab6bb8a73ba2cd6,eth,,0x095ea7b3,,723556.46,13,0.01%,89.51%
0xe5d7c2a44ffddf6b295a15c148167daaaf5cf34f,linea,,0xd0e30db0,,2575369.134,13,0.01%,89.51%
0xaf9ba9f9d7db062a119371ea923ed274e3981163,eth,,0xd4dfd6bc,,43591.73667,13,0.01%,89.52%
0x11f98c7e42a367dab4f200d2fdc460fb445ce9a8,arb,,0x095ea7b3,,1205630.288,13,0.01%,89.53%
0x14ad01d5f496e9c40358629f6a95a7c3b5c4b767,arb,,0x4cd5520b,,84386.48,13,0.01%,89.53%
0x088cd8f5ef3652623c22d48b1605dcfe860cd704,arb,,0x095ea7b3,,113083.542,13,0.01%,89.54%
0x81db1949d0e888557bc632f7c0f6698b1f8c9106,eth,,0xa9059cbb,,3404573,12,0.01%,89.55%
0x51187757342914e7d94fffd95ccca4f440fe0e06,bsc,,0x363b2eb2,,36903.05286,12,0.01%,89.55%
0xdef1ca1fb7fbcdc777520aa7f396b4e015f497ab,eth,,0x095ea7b3,,1916310.652,12,0.01%,89.56%
0xfb7b4564402e5500db5bb6d63ae671302777c75a,eth,,0x23b872dd,,36466.64,12,0.01%,89.57%
0x44face2e310e543f6d85867eb06fb251e3bfe1fc,eth,,0x23b872dd,,36466.64,12,0.01%,89.57%
0x818f30c2300d2c13f7d1e4b973604ca925cc527a,arb,,0x4e71d92d,,51547.32857,12,0.01%,89.58%
0x767fe9edc9e0df98e07454847909b5e959d7ca0e,eth,,0xa9059cbb,,1707639.09,12,0.01%,89.58%
0x656d48d3f337c6b3cd2ed8471b135ff54b1f96ad,base,,0x095ea7b3,,778364.62,12,0.01%,89.59%
0x4dea9e918c6289a52cd469cac652727b7b412cd2,op,,0xe2bbb158,,33075.69,12,0.01%,89.60%
0xfc287513e2dd58fbf952eb0ed05d511591a6215b,eth,,0x67da598e,,96727.41286,12,0.01%,89.60%
0xd586e7f844cea2f87f50152665bcbc2c279d8d70,avax,,0x095ea7b3,,271180.314,12,0.01%,89.61%
0xcb927731f27898b30ad85964f9c5b784772cb924,avax,,0x64617461,,39036.06,12,0.01%,89.61%
0x10417734001162ea139e8b044dfe28dbb8b28ad0,arb,,0x47e7ef24,,108535.4756,12,0.01%,89.62%
0xdef1c0ded9bec7f1a1670819833240f027b25eff,avax,,0x415565b0,,651533.6723,12,0.01%,89.63%
0x3a23f943181408eac424116af7b7790c94cb97a5,eth,,0x00000197,,1088041.779,12,0.01%,89.63%
0xf091867ec603a6628ed83d274e835539d82e9cc8,eth,,0xa9059cbb,,3404573,12,0.01%,89.64%
0x411099c0b413f4feddb10edf6a8be63bd321311c,eth,,0x23b872dd,,36466.64,12,0.01%,89.65%
0x1614f18fc94f47967a3fbe5ffcd46d4e7da3d787,eth,,0x23b872dd,,36466.64,12,0.01%,89.65%
0x06eb48763f117c7be887296cdcdfad2e4092739c,base,,0x441a3e70,,36125.15222,12,0.01%,89.66%
0x3a23f943181408eac424116af7b7790c94cb97a5,base,,0x00000186,,186020.535,12,0.01%,89.66%
0x0f1cbed8efa0e012adbccb1638d0ab0147d5ac00,bsc,,0x23b872dd,,36466.64,12,0.01%,89.67%
0x8c7ac134ed985367eadc6f727d79e8295e11435c,eth,,0xa9059cbb,,3404573,12,0.01%,89.68%
0x71ab77b7dbb4fa7e017bc15090b2163221420282,eth,,0xa9059cbb,,3404573,12,0.01%,89.68%
0xf622b01f1f1b71cfa41bb2bd50366848d6d4541c,bsc,,0x35bcf347,,12894.99,12,0.01%,89.69%
0x3f95ef3f2eaca871858dbe20a93c01daf6c2e923,zksync,,0xe21fd0e9,,3384515.978,12,0.01%,89.69%
0x574e69c50e7d13b3d1b364bf0d48285a5ae2df56,matic,,0x40c10f19,,5080027.257,12,0.01%,89.70%
0x99310b6b5b7b5209551e6c4c221dace0ec292b0f,linea,,0x1249c58b,,7513.905,12,0.01%,89.71%
0x111111125421ca6dc452d289314280a0f8842a65,eth,,0xc3cf8043,,66829.05167,12,0.01%,89.71%
0xf97f4df75117a78c1a5a0dbb814af92458539fb4,arb,,0x095ea7b3,,45164.42125,12,0.01%,89.72%
0x23aa05a271debffaa3d75739af5581f744b326e4,base,,0x26c858a4,,24354.1218,12,0.01%,89.73%
0x4bdcac532143d8d35ed759189ee22e3704580b9d,base,,0x3f60b633,,6498.42,12,0.01%,89.73%
0xba3335588d9403515223f109edc4eb7269a9ab5d,eth,,0x095ea7b3,,87116.942,12,0.01%,89.74%
0x3a8cccb969a61532d1e6005e2ce12c200caece87,eth,,0xa9059cbb,,3404573,12,0.01%,89.74%
0x2f6f07cdcf3588944bf4c42ac74ff24bf56e7590,matic,,0x095ea7b3,,91676.035,12,0.01%,89.75%
0xc660102f0d3983577d0d34e4fe45efb94a2f4af5,eth,,0xa694fc3a,,89716.80333,12,0.01%,89.76%
0xd19d4b5d358258f05d7b411e21a1460d11b0876f,eth,,0x9f3ce55a,,125190.3864,12,0.01%,89.76%
0xa9dd725ba2eaacdb7a30d17597b7d8c3fd2f80ed,arb,,0xfb9513d6,,84386.48,12,0.01%,89.77%
0x841e70cd5f6527bdabf822c6bd2590846cfbf655,bsc,,0x6310c722,,11583606.6,12,0.01%,89.78%
0x3a56ed006593740eb90e0dc9c45005933d27c8a2,base,,0x9dbb844d,,78165.09909,12,0.01%,89.78%
0x0000000000000068f116a894984e2db1123eb395,eth,,0xe7acab24,,68789.22182,12,0.01%,89.79%
0x6051f99cc1d45227106b895f16cb85827f2821e5,arb,,0x0020311b,,61647.06333,12,0.01%,89.79%
0xba12222222228d8ba445958a75a0704d566bf2c8,arb,,0x8bdb3913,,898780.1833,12,0.01%,89.80%
0x2ba647d651526da0c188ea99e105def8b7d73258,op,,0xfb4d364c,,0,12,0.01%,89.81%
0xed4e879087ebd0e8a77d66870012b5e0dffd0fa4,eth,,0xa9059cbb,,3404573,12,0.01%,89.81%
0x3caae25ee616f2c8e13c74da0813402eae3f496b,arb,,0xaff6cbf1,,417183.1157,12,0.01%,89.82%
0x27d2decb4bfc9c76f0309b8e88dec3a601fe25a8,base,,0x095ea7b3,,19032.67889,12,0.01%,89.82%
0x4cb9a7ae498cedcbb5eae9f25736ae7d428c9d66,arb,,0x095ea7b3,,93113.0843,12,0.01%,89.83%
0xfc16ec17c86e3fb9f501f50e659bc5d5545a197f,base,,0xc00007b0,,834321.5,12,0.01%,89.84%
0xd07180c423f9b8cf84012aa28cc174f3c433ee29,zksync,,0xa22cb465,,117759.9733,12,0.01%,89.84%
0xc9cb578d613d729c3c4c8ef7d46cb814570f2baa,arb,,0x45311463,,70578.06333,12,0.01%,89.85%
0x95146881b86b3ee99e63705ec87afe29fcc044d9,arb,,0x095ea7b3,,156284.2467,12,0.01%,89.86%
0x6fd879830d9b1ee5d4f9ef12f8d5dee916bebd0b,op,,0x94f8c3f3,,1362627.95,12,0.01%,89.86%
0x82e30a63bccde3724877878a30c4977b52348198,base,,0x9dbb844d,,13171.46167,12,0.01%,89.87%
0xd7aa2ddc413ca995c4714301ff54f5f507827eca,arb,,0x6606cc28,,36466.64,12,0.01%,89.87%
0xba32747ef144b5ea6a01a18f7756034e23c998ae,base,,0x1249c58b,,16712.61,12,0.01%,89.88%
0xc4abade3a15064f9e3596943c699032748b13352,arb,,0xdf33dc16,,61711.27,12,0.01%,89.89%
0x35ec5f1ae635f5483331f54088ecec816ea78fb1,arb,,0xd0e30db0,,51834.47357,12,0.01%,89.89%
0xdb46d1dc155634fbc732f92e853b10b288ad5a1d,matic,,0x4b7312a9,,6078.97,12,0.01%,89.90%
0x9e4fc4a5a0769ba74088856c229c4a1db2ea5a9e,arb,,0x48c54b9d,,150797.9929,12,0.01%,89.90%
0x62354498a2c376037812b8e4a6f1950694344732,eth,,0x8340f549,,5161875.187,12,0.01%,89.91%
0xd3934a2e428e31ffc14b1f69b0bec79db3e0c614,arb,,0x095ea7b3,,281082.8483,12,0.01%,89.92%
0x60bb1e2aa1c9acafb4d34f71585d7e959f387769,eth,,0xc9bddac6,,107890.66,12,0.01%,89.92%
0x2d18f2d27d50c9b4013deba3d54f60996bd8847e,bsc,,0x4d8eb822,,28220.0638,12,0.01%,89.93%
0x802489fe61792107f42a0e1dd1e988c0af8ce193,eth,,0x1feed31f,,133186.745,12,0.01%,89.94%
0xafeeb2c497bc785baca88edca7f9e5cbac9bdf96,eth,,0xa0712d68,,26789.48,12,0.01%,89.94%
0x40d9b8417e6e1dcd358f04e3328bced061018a82,eth,,0x032d2276,,3041188.85,12,0.01%,89.95%
0x3bbbb6a231d0a1a12c6b79ba5bc2ed6358db5160,eth,,0x095ea7b3,,170297.4191,12,0.01%,89.95%
0x46b3fdf7b5cde91ac049936bf0bdb12c5d22202e,matic,,0x2646478b,,34992.916,12,0.01%,89.96%
0x7b54949c347283fa970586ce170f90aa93d3fa4b,arb,,0x372500ab,,6064564.41,12,0.01%,89.97%
0x89b2249d7fbb30765d94c163929cd04b5afa77e3,eth,,0x597d78e1,,182418.77,12,0.01%,89.97%
0x15093ed45c2a3f88393d41bc436003e2b8115ad5,base,,0xc00007b0,,1362627.95,12,0.01%,89.98%
0xaf9c4f6a0ceb02d4217ff73f3c95bbc8c7320cee,arb,,0x0140d291,,5874105.31,12,0.01%,89.99%
0xd1d2eb1b1e90b638588728b4130137d262c87cae,eth,,0x23b872dd,,36466.64,12,0.01%,89.99%
0xdc8af07a7861bedd104b8093ae3e9376fc8596d2,eth,,0x23b872dd,,36466.64,12,0.01%,90.00%
0x64375b06f5c626a52d3ea5fe496812a08958fb68,eth,,0x0f956df5,,1848.51,12,0.01%,90.00%
0xea2f47ac12e00e2fcc8f242561bc53bc288d399a,arb,,0x6ba4c138,,2087271.988,12,0.01%,90.01%
0x228bfb243f470c4d71ba7e71c2ad18a9576fc895,arb,,0x4e71d92d,,180775.91,12,0.01%,90.02%
0xf01535a48517ce970011045518d8b6de0f72af21,base,,0x4e71d92d,,545837.1367,12,0.01%,90.02%
0xe3086852a4b125803c815a158249ae468a3254ca,base,,0x095ea7b3,,119958.4322,12,0.01%,90.03%
0x0e22b5f3e11944578b37ed04f5312dfc246f443c,base,,0x715488b0,,196266.18,12,0.01%,90.03%
0xfeacb05b373f1a08e68235ba7fc92636b92ced01,bsc,,0x84477b39,,108539.1709,12,0.01%,90.04%
0xba12222222228d8ba445958a75a0704d566bf2c8,eth,,0x8bdb3913,,898780.1833,12,0.01%,90.05%
0x40e8858e6e29756a9c2c6ed5a5dec287ca86101e,arb,,0xc2ca0ac5,,160393.3542,12,0.01%,90.05%
0x09986b4e255b3c548041a30a2ee312fe176731c2,arb,,0xa07076b2,,71798.025,12,0.01%,90.06%
0xe6338277bc9fde3e3993c5984753dd5a2a79fee1,base,,0x06e75722,,18896.46,12,0.01%,90.07%
0x5b5dee44552546ecea05edea01dcd7be7aa6144a,base,,0x095ea7b3,,42054.845,12,0.01%,90.07%
0x44087e105137a5095c008aab6a6530182821f2f0,eth,,0x698766ee,,1510172.24,12,0.01%,90.08%
0xba12222222228d8ba445958a75a0704d566bf2c8,arb,,0x52bbbe29,,484501.5453,12,0.01%,90.08%
0xc82e3db60a52cf7529253b4ec688f631aad9e7c2,eth,,0x23b872dd,,36466.64,12,0.01%,90.09%
0x12652c6d93fdb6f4f37d48a8687783c782bb0d10,eth,,0xa9059cbb,,858132.536,12,0.01%,90.10%
0x45f1a95a4d3f3836523f5c83673c797f4d4d263b,base,,0xc4de93a5,,32537.768,12,0.01%,90.10%
0x62d0a8458ed7719fdaf978fe5929c6d342b0bfce,eth,,0xa9059cbb,,162514.8771,12,0.01%,90.11%
0x8901cb2e82cc95c01e42206f8d1f417fe53e7af0,base,,0x095ea7b3,,3336361.16,12,0.01%,90.11%
0x9a2e53158e12bc09270af10c16a466cb2b5d7836,op,,0x095ea7b3,,755602.1943,12,0.01%,90.12%
0x70737489dfdf1a29b7584d40500d3561bd4fe196,base,,0x095ea7b3,,88227.1289,12,0.01%,90.13%
0x1231deb6f5749ef6ce6943a275a1d3e7486f4eae,base,,0x3a3f7332,,357828.9335,12,0.01%,90.13%
0x35f4817b14718c66dbbdba085f5f8d2c3a4aa420,eth,,0x83092e47,,35986.31636,12,0.01%,90.14%
0x0aea08ca81daff44e242ebfb23b3a39763330879,base,,0x1249c58b,,81808.74,12,0.01%,90.15%
0xc2132d05d31c914a87c6611c10748aeb04b58e8f,matic,,0x23b872dd,,36466.64,12,0.01%,90.15%
0x539bde0d7dbd336b79148aa742883198bbf60342,arb,,0x23b872dd,,36466.64,12,0.01%,90.16%
0xf19308f923582a6f7c465e5ce7a9dc1bec6665b1,eth,,0x095ea7b3,,157422.565,12,0.01%,90.16%
0x9623063377ad1b27544c965ccd7342f7ea7e88c7,arb,,0x23b872dd,,36466.64,12,0.01%,90.17%
0x00f101f65a91f93bba6a74bc9ff5932c8f924ff6,matic,,0x3183d9ef,,1126.4,12,0.01%,90.18%
0xba3b38581f96b04f75ca4ad51296fff3806d7626,base,,0x095ea7b3,,250167.1633,12,0.01%,90.18%
0xbe3eedda303d28e1a763106e27605247ab8e302a,eth,,0x23b872dd,,2302.46,12,0.01%,90.19%
0x42069d11a2cc72388a2e06210921e839cfbd3280,op,,0xa839ae97,,182876.21,12,0.01%,90.20%
0xbd3fa81b58ba92a82136038b25adec7066af3155,eth,,0x6fd3504e,,1374382.527,12,0.01%,90.20%
0xcf205808ed36593aa40a44f10c7f7c2f67d4a4d4,base,,0xb51d0534,,1583.70534,12,0.01%,90.21%
0x7dac480d20f322d2ef108a59a465ccb5749371c4,arb,,0xa0712d68,,2400658.629,12,0.01%,90.21%
0xad29abb318791d579433d831ed122afeaf29dcfe,bsc,,0x095ea7b3,,667933.406,12,0.01%,90.22%
0x1d6509e5e79e8935c573bde7ef66c3007b679a6b,zksync,,0x9aa7c0e5,,44683.04857,12,0.01%,90.23%
0x1ecdb32e59e948c010a189a0798c674a2d0c6603,eth,,0xaaab596a,,69993.17,12,0.01%,90.23%
0x23981fc34e69eedfe2bd9a0a9fcb0719fe09dbfc,arb,,0x3ce33bff,,99633.22857,12,0.01%,90.24%
0x5f6ae08b8aeb7078cf2f96afb089d7c9f51da47d,eth,,0xf688bcfb,,95681.50778,12,0.01%,90.24%
0xf951e335afb289353dc249e82926178eac7ded78,eth,,0xd0e30db0,,136003.829,12,0.01%,90.25%
0x64192819ac13ef72bf6b5ae239ac672b43a9af08,eth,,0x4d0d6673,,27886.483,12,0.01%,90.26%
0xe3b53af74a4bf62ae5511055290838050bf764df,base,,0x095ea7b3,,4262754.246,12,0.01%,90.26%
0xb3e3dfcb2d9f3dde16d78b9e6eb3538eb32b5ae1,bsc,,0xa4d73041,,140322.0214,12,0.01%,90.27%
0x9d39a5de30e57443bff2a8307a4256c8797a3497,eth,,0x9343d9e1,,186909.0983,12,0.01%,90.28%
0x4d9429246ea989c9cee203b43f6d1c7d83e3b8f8,zksync,,0x617ba037,,35634.41,12,0.01%,90.28%
0x80a0974d484bc86000c78613984a3d7f9834b5c5,arb,,0x9dbb844d,,94904.58,12,0.01%,90.29%
0x5575552988a3a80504bbaeb1311674fcfd40ad4b,arb,,0x095ea7b3,,539971.6389,12,0.01%,90.29%
0xa449b4f43d9a33fcdcf397b9cc7aa909012709fd,base,,0x45de0d9b,,57614.42674,12,0.01%,90.30%
0x111111125421ca6dc452d289314280a0f8842a65,eth,,0x5816d723,,213363.5533,12,0.01%,90.31%
0x62037b26fff91929655aa3a060f327b47d1e2b3e,base,,0x0cafb113,,87051.6909,11,0.01%,90.31%
0x000000000022d473030f116ddee9f6b43ac78ba3,matic,,0x0d58b1db,,36466.64,11,0.01%,90.32%
0x3f5129112754d4fbe7ab228c2d5e312b2bc79a06,base,,0x31279d3d,,545522.25,11,0.01%,90.32%
0xf28db483773e3616da91fdfa7b5d4090ac40cc59,arb,,0x095ea7b3,,136079.594,11,0.01%,90.33%
0x5c1a0cc6dadf4d0fb31425461df35ba80fcbc110,eth,,0xa22cb465,,44849.8425,11,0.01%,90.33%
0xb235cea7666d4379ca29e9ad4ba2787e504192a8,zksync,,0xeeaa0e21,,12246.8988,11,0.01%,90.34%
0x488863d609f3a673875a914fbee7508a1de45ec6,matic,,0x76a9099a,,17914.99333,11,0.01%,90.35%
0x7eeca4205ff31f947edbd49195a7a88e6a91161b,eth,,0x095ea7b3,,40363.1775,11,0.01%,90.35%
0xd152f549545093347a162dce210e7293f1452150,eth,,0xe63d38ed,,106617.1486,11,0.01%,90.36%
0xc2c862322e9c97d6244a3506655da95f05246fd8,eth,,0x760f2a0b,,702979.2694,11,0.01%,90.36%
0xa22e5de130365d855353a23409ce6ac7873fc5a7,bsc,,0xd954863c,,58749.24,11,0.01%,90.37%
0xf3f04555f8fda510bfc77820fd6eb8446f59e72d,eth,,0x1eb1cff0,,1620599.832,11,0.01%,90.37%
0xaefd22d0153e69f3316dca9095e7279b3a2f8af2,arb,,0xb88a802f,,1515931.03,11,0.01%,90.38%
0x23a102e78d1ff1645a3666691495174764a5fcaf,arb,,0x3d13f874,,2051037.17,11,0.01%,90.39%
0xdcc24121bae131f952b09a08e65b95642f093794,base,,0xc00007b0,,778364.62,11,0.01%,90.39%
0x5f7cbcb391d33988dad74d6fd683aadda1123e4d,zksync,,0xa694fc3a,,67206.45,11,0.01%,90.40%
0xf39f02b3ae3fb936618a3f03aee9314527a3e6ce,eth,,0x23b872dd,,2302.46,11,0.01%,90.40%
0x808507121b80c02388fad14726482e061b8da827,eth,,0x095ea7b3,,2217760.51,11,0.01%,90.41%
0x60e4d786628fea6478f785a6d7e704777c86a7c6,eth,,0xa22cb465,,112995.9389,11,0.01%,90.41%
0xfc7e56298657b002b3e656400e746b7212912757,zksync,,0x095ea7b3,,88250.385,11,0.01%,90.42%
0x663dc15d3c1ac63ff12e45ab68fea3f0a883c251,avax,,0x4d8160ba,,55281.48518,11,0.01%,90.43%
0x0578d8a44db98b23bf096a382e016e29a5ce0ffe,base,,0x095ea7b3,,37038.405,11,0.01%,90.43%
0xec2432a227440139ddf1044c3fea7ae03203933e,eth,,0x2e1a7d4d,,145753.3889,11,0.01%,90.44%
0x6de037ef9ad2725eb40118bb1702ebb27e4aeb24,eth,,0x23b872dd,,36466.64,11,0.01%,90.44%
0x85164e8f51b7985e328f4ec230b87f20bfcf1da9,ftm,,0xaad3ec96,,734.31,11,0.01%,90.45%
0xbdb018e21ad1e5756853fe008793a474d329991b,base,,0x7c2ccc45,,10125596.41,11,0.01%,90.45%
0xce16f69375520ab01377ce7b88f5ba8c48f8d666,matic,,0x846a1bc6,,112449.6894,11,0.01%,90.46%
0x239015de0f0121f2c80134558decbba75ea056c6,eth,,0x095ea7b3,,1172890.39,11,0.01%,90.47%
0x6d7497751656618fc38cfb5478994a20f7e235df,eth,,0xa9059cbb,,3404573,11,0.01%,90.47%
0x18c11fd286c5ec11c3b683caa813b77f5163a122,arb,,0x095ea7b3,,2023839.183,11,0.01%,90.48%
0x00000000000000adc04c56bf30ac9d3c0aaf14dc,base,,0xe7acab24,,64221.71435,11,0.01%,90.48%
0xf32e58f92e60f4b0a37a69b95d642a471365eae8,eth,,0x095ea7b3,,2211767.783,11,0.01%,90.49%
0x12f885808f616b8056a37be00fdd029e1c59ab08,base,,0x643183bf,,22122.51667,11,0.01%,90.49%
0xb23d80f5fefcddaa212212f028021b41ded428cf,eth,,0x095ea7b3,,155063.559,11,0.01%,90.50%
0x09e18590e8f76b6cf471b3cd75fe1a1a9d2b2c2b,arb,,0x095ea7b3,,40884.65875,11,0.01%,90.50%
0xef1eae0457e8d56a003d781569489bc5466e574b,bsc,,0x126928c4,,6450.2699,11,0.01%,90.51%
0x7bfc80a1dc182720220265e0fe0a02f0f4607748,arb,,0xf2c298be,,107833.8782,11,0.01%,90.52%
0x8ce523cf1120d9b7703806c745b69663a2847504,arb,,0x48686626,,67215.675,11,0.01%,90.52%
0x8b12bd54ca9b2311960057c8f3c88013e79316e3,eth,,0x095ea7b3,,39331.74833,11,0.01%,90.53%
0x767b4a087c11d7581ac95eaffc1febfa26bad3d2,zksync,,0x02c5fcf8,,206995.61,11,0.01%,90.53%
0xdfef6416ea3e6ce587ed42aa7cb2e586362cbbfa,eth,,0xa9059cbb,,3404573,11,0.01%,90.54%
0xccf2d3535777982790d4a69dbf9fad5de7440069,arb,,0x7eb02406,,7742.325,11,0.01%,90.54%
0xf25a5c767acb57f9ea96f5fee28adda7218b5aed,avax,,0x095ea7b3,,139677.26,11,0.01%,90.55%
0x227a3035f334418d22050b2a6e43599d812ee4dd,eth,,0x1feed31f,,249288.3509,11,0.01%,90.56%
0x46a15b0b27311cedf172ab29e4f4766fbe7f4364,base,,0x219f5d17,,105051.965,11,0.01%,90.56%
0x44ff8620b8ca30902395a7bd3f2407e1a091bf73,eth,,0x095ea7b3,,55699.28232,11,0.01%,90.57%
0x5b25614814e5123ffe188c4421a34c5fbd8f0c48,eth,,0x095ea7b3,,234884.0863,11,0.01%,90.57%
0x1231deb6f5749ef6ce6943a275a1d3e7486f4eae,arb,,0xae0b91e5,,93324.36448,11,0.01%,90.58%
0x3a23f943181408eac424116af7b7790c94cb97a5,op,,0x00000191,,52271.602,11,0.01%,90.58%
0xe50fa9b3c56ffb159cb0fca61f5c9d750e8128c8,matic,,0x23b872dd,,36466.64,11,0.01%,90.59%
0x111111111117dc0aa78b770fa6a738034120c302,eth,,0xa9059cbb,,3404573,11,0.01%,90.60%
0x32e94511908cab9f6c7d177943e19865b72bdde5,ftm,,0xaad3ec96,,734.31,11,0.01%,90.60%
0x111111125421ca6dc452d289314280a0f8842a65,matic,,0x07ed2379,,568783.7374,11,0.01%,90.61%
0xa6e0e731cb1e99aede0f9c9128d04f948e18727d,bsc,,0x379607f5,,1053985.007,11,0.01%,90.61%
0xcdc3a010a3473c0c4b2cb03d8489d6ba387b83cd,bsc,,0x095ea7b3,,4420980.41,11,0.01%,90.62%
0x74ccbe53f77b08632ce0cb91d3a545bf6b8e0979,op,,0x095ea7b3,,2751236.8,11,0.01%,90.62%
0x777b425f6bf8474b0e61f42e880d09e610a9400e,matic,,0xa22cb465,,21931.954,11,0.01%,90.63%
0xd402e48d1ce4a3d0fcd3d76aa7fb62f30c2fbbc6,arb,,0x4b0b3dc7,,44092.79,11,0.01%,90.63%
0x85bbe848e12472eb1bee06be7e123bdee42c7943,arb,,0xb6e33209,,2537032.59,11,0.01%,90.64%
0x7c3aa07721578d00babdebf17c3352d7658b67fd,bsc,,0x095ea7b3,,123072.48,11,0.01%,90.65%
0xfd34afdfbac1e47afc539235420e4be4a206f26d,arb,,0xf3931d5d,,15188936,11,0.01%,90.65%
0xcbe2093030f485adaaf5b61deb4d9ca8adeae509,zksync,,0xd393c871,,84674.125,11,0.01%,90.66%
0xdef171fe48cf0115b1d80b88dc8eab59176fee57,bsc,,0xa94e78ef,,693991.6694,11,0.01%,90.66%
0x31c29a5937244957d72786dcf9ab1cf595379e6e,matic,,0xab49cd56,,17976.81,11,0.01%,90.67%
0x000000000022d473030f116ddee9f6b43ac78ba3,op,,0x0d58b1db,,36466.64,11,0.01%,90.67%
0x905f3add52f01a9069218c8d1c11e240aff61d2b,arb,,0x565e4240,,43059.64,11,0.01%,90.68%
0xeb221e96cfbca5b91a4b6f5cd7c97a480df48b69,arb,,0x53d6fd59,,4669.64,11,0.01%,90.69%
0x1d9a1491924c1847e669dafde86341ad92a87fe2,eth,,0xa22cb465,,56902.17484,11,0.01%,90.69%
0xd8cb82059da7215b1a9604e845d49d3e78d0f95a,bsc,,0x0b4c7e4d,,11583606.6,11,0.01%,90.70%
0x514910771af9ca656af840dff83e8264ecf986ca,eth,,0x095ea7b3,,1824275.4,11,0.01%,90.70%
0x7adb7fb7b6537b4ad4b4ad399bc0329f9fa926de,base,,0xab5a0f21,,117231.46,11,0.01%,90.71%
0x324c5dc1fc42c7a4d43d92df1eba58a54d13bf2d,eth,,0xb88d4fde,,3887324.38,11,0.01%,90.71%
0xd9d74a29307cc6fc8bf424ee4217f1a587fbc8dc,arb,,0x29723511,,39005.84789,11,0.01%,90.72%
0xd9d74a29307cc6fc8bf424ee4217f1a587fbc8dc,base,,0x29723511,,39005.84789,11,0.01%,90.73%
0xfd20e1b78c353877a25274c85fb5566277e5f60e,eth,,0x095ea7b3,,68453.93833,11,0.01%,90.73%
0xe8b6395d223c9d3d85e162f2cb2023bc9088a908,matic,,0x99fd3ccc,,16311.15333,11,0.01%,90.74%
0x1f7b5e65c09df12742255bb8fe26958f4b52f9bb,base,,0x31279d3d,,545522.25,11,0.01%,90.74%
0x5e68be9a532eadf5edcbc2bec857d3d4b2e3aec5,matic,,0x59d16257,,23204.46857,11,0.01%,90.75%
0x470ebf5f030ed85fc1ed4c2d36b9dd02e77cf1b7,eth,,0x095ea7b3,,10255707.5,11,0.01%,90.75%
0xfdd5f18fcf6aed011192fb82b82b6f65c381b8ba,arb,,0x82cee55c,,3226312.76,11,0.01%,90.76%
0x940a2db1b7008b6c776d4faaca729d6d4a4aa551,eth,,0xa9059cbb,,782821.144,11,0.01%,90.77%
0x6e0e8c78d7b894beff66ade8b27b089a53cf4d04,arb,,0x10087fb1,,6190294.73,11,0.01%,90.77%
0xc5677902fb32b60cd9ace142830566ab79a29c16,eth,,0x4718a03a,,3557.3,11,0.01%,90.78%
0x1231deb6f5749ef6ce6943a275a1d3e7486f4eae,matic,,0x1fd8010c,,271088.9897,11,0.01%,90.78%
0xc06a5d3014b9124bf215287980305af2f793eb30,arb,,0x10ee4449,,6064564.41,11,0.01%,90.79%
0xddd041ba10dd020958cac3fea0e19d1be7e289f6,arb,,0x2d81a78e,,367476.4667,11,0.01%,90.79%
0xe71ada7e035d24d1216fabcaff9d9095145d84bd,arb,,0xdd467064,,15223279.6,11,0.01%,90.80%
0xe1c14b9f065dead2e89ee35382f8bd42bdb87a04,base,,0x90cc74ac,,27464.18,11,0.01%,90.80%
0x00000000005bbb0ef59571e58418f9a4357b68a0,arb,,0x60da0860,,1425510.506,11,0.01%,90.81%
0x46a03313fa8ef8ac8798f502bb38d35e5e1acbfc,bsc,,0x4c674c2d,,31403.7,11,0.01%,90.82%
0xbe7d1fd1f6748bbdefc4fbacafbb11c6fc506d1d,zksync,,0x7ff36ab5,,22718.246,11,0.01%,90.82%
0x46f84dc6564cdd93922f7bfb88b03d35308d87c9,eth,,0xa9059cbb,,3404573,11,0.01%,90.83%
0xbdb018e21ad1e5756853fe008793a474d329991b,linea,,0x7c2ccc45,,10125596.41,11,0.01%,90.83%
0xb32c79a25291265ef240eb32e9fabbc6dcee3ce3,arb,,0x6bf2df86,,94062.5,11,0.01%,90.84%
0x0e22b5f3e11944578b37ed04f5312dfc246f443c,base,,0x1e54cd47,,197795.8367,11,0.01%,90.84%
0xcaa5ed9c4a66e53a6f9fcf2aa378884af17600ae,op,,0x434dcfba,,5440.38,11,0.01%,90.85%
0x21bdba2e3b8f53a4ce949b573f5661827201b769,base,,0x095ea7b3,,25895.3225,11,0.01%,90.86%
0x60359a0dd148b18d5cf1ddf8aa1916221ed0cbcd,base,,0x095ea7b3,,414660.34,11,0.01%,90.86%
0x5babfc2f240bc5de90eb7e19d789412db1dec402,base,,0x095ea7b3,,64313.746,11,0.01%,90.87%
0x790d8848bbad7fb92831a9a2092ed3e91b7ffe11,eth,,0x1d02f109,,148350.3486,11,0.01%,90.87%
0x1761b56d88557130d305498940baf04f60c7ebf7,arb,,0xd2f57b52,,22021.685,11,0.01%,90.88%
0xe9e7cea3dedca5984780bafc599bd69add087d56,bsc,,0x23b872dd,,36466.64,11,0.01%,90.88%
0x34be5b8c30ee4fde069dc878989686abe9884470,eth,,0x23b872dd,,36466.64,11,0.01%,90.89%
0x34d85c9cdeb23fa97cb08333b511ac86e1c4e258,eth,,0xa22cb465,,80535.2904,11,0.01%,90.90%
0x8657f37439a241ad439ee98ca89a7755ca8c90b4,eth,,0x0ae6c63a,,63122.59364,11,0.01%,90.90%
0x7573933eb12fa15d5557b74fdaff845b3baf0ba2,matic,,0x5e2b9146,,4852.805,11,0.01%,90.91%
0x8fb956ce2921954c45cb3bb41978c4c6c9736af2,eth,,0xa22cb465,,49544.63853,11,0.01%,90.91%
0x059956483753947536204e89bfad909e1a434cc6,eth,,0xa9059cbb,,1726429.22,11,0.01%,90.92%
0x6db8b088c4d41d622b44cd81b900ba690f2d496c,arb,,0x095ea7b3,,5861641.92,11,0.01%,90.92%
0xba100000625a3754423978a60c9317c58a424e3d,eth,,0xa9059cbb,,7494089.79,11,0.01%,90.93%
0x4d9429246ea989c9cee203b43f6d1c7d83e3b8f8,zksync,,0x69328dec,,52470.504,11,0.01%,90.94%
0x1a652a2c9065465c1cca864bfd2a09cbf511c3a3,op,,0x98a6e993,,3801422.51,11,0.01%,90.94%
0x67b8afddb494c16b779e6f23e1de5dbf3437f857,eth,,0x3c2d4cd3,,36946.58,11,0.01%,90.95%
0x621879c6239d8ab9b82712fb56e7be880ce0c6ee,eth,,0x095ea7b3,,16432.495,11,0.01%,90.95%
0xef4fb24ad0916217251f553c0596f8edc630eb66,bsc,,0xb9303701,,152525.0345,11,0.01%,90.96%
0xcfd72be67ee69a0dd7cf0f846fc0d98c33d60f16,arb,,0x095ea7b3,,359712.425,11,0.01%,90.96%
0x00000000005bbb0ef59571e58418f9a4357b68a0,eth,,0xf7e375e8,,1715551.61,11,0.01%,90.97%
0x00000000005bbb0ef59571e58418f9a4357b68a0,eth,,0xc81f847a,,2999817.363,11,0.01%,90.97%
0x78b3c724a2f663d11373c4a1978689271895256f,base,,0x095ea7b3,,1034292.1,11,0.01%,90.98%
0x78bb3aec3d855431bd9289fd98da13f9ebb7ef15,eth,,0xe5f13b16,,30362172.7,11,0.01%,90.99%
0xe5d7c2a44ffddf6b295a15c148167daaaf5cf34f,linea,,0x2e1a7d4d,,3387661.574,11,0.01%,90.99%
0xcb0620b181140e57d1c0d8b724cde623ca963c8c,bsc,,0x617ba037,,47156.328,11,0.01%,91.00%
0xdeab92d6a3618f6d830c925d7ae8f1c87eecf01f,arb,,0x095ea7b3,,1993075.613,11,0.01%,91.00%
0xa19fd5ab6c8dcffa2a295f78a5bb4ac543aaf5e3,arb,,0xb4b9ef73,,2448.25,11,0.01%,91.01%
0xc8a6480ed7c7b1c401061f8d96be7de6f94d3e60,eth,,0x72057428,,550790.76,11,0.01%,91.01%
0x320623b8e4ff03373931769a31fc52a4e78b5d70,eth,,0xa9059cbb,,3404573,11,0.01%,91.02%
0xc6ade8a68026d582ab37b879d188caf7e405dd09,arb,,0xf3fef3a3,,1820607.718,11,0.01%,91.03%
0xa28d6a8eb65a41f3958f1de62cbfca20b817e66a,eth,,0xa22cb465,,43071.77667,11,0.01%,91.03%
0x111111125421ca6dc452d289314280a0f8842a65,eth,,0x89af926a,,72602.47,11,0.01%,91.04%
0xc36442b4a4522e871399cd717abdd847ab11fe88,arb,,0x219f5d17,,558219.636,11,0.01%,91.04%
0x777777c9898d384f785ee44acfe945efdff5f3e0,eth,,0xf3fef3a3,,272560.13,11,0.01%,91.05%
0x322a270a18f1579c822e72049cb255d294313fdc,ftm,,0xaad3ec96,,734.31,11,0.01%,91.05%
0x3419875b4d3bca7f3fdda2db7a476a79fd31b4fe,avax,,0x095ea7b3,,159504.6146,11,0.01%,91.06%
0xff283027b35274f4980445d9a70f8125532851ac,matic,,0xf223885a,,2982.83,11,0.01%,91.07%
0xec8da1bace73b413ff024d6d42e2a1624e353983,arb,,0x379607f5,,1092071.27,11,0.01%,91.07%
0xaccba5e852ab85e5e3a84bc8e36795bd8cec5c73,matic,,0xc2b79e98,,423414.115,11,0.01%,91.08%
0x59a32d4b86ffcce0a7f388d6d858c6a0371915ab,matic,,0x095ea7b3,,287878.9433,11,0.01%,91.08%
0x81e3a6f46715855b439f93e4023ed86bed619cf8,arb,,0xfaa3f2f9,,31372.31667,11,0.01%,91.09%
0xe80772eaf6e2e18b651f160bc9158b2a5cafca65,arb,,0x095ea7b3,,2362749.68,11,0.01%,91.09%
0xf0e1abd2257a2e91827f475f1e23e87a628afcd9,eth,,0x7c111476,,158634.9767,11,0.01%,91.10%
0x046eee2cc3188071c02bfc1745a6b17c656e3f3d,eth,,0x095ea7b3,,336776.71,11,0.01%,91.11%
0x9d190e411f7212462b52e176ce404a64df88e749,matic,,0x14127f13,,1996.97,11,0.01%,91.11%
0xce16f69375520ab01377ce7b88f5ba8c48f8d666,eth,,0x21477960,,1217627.567,11,0.01%,91.12%
0x34635280737b5bfe6c7dc2fc3065d60d66e78185,eth,,0x095ea7b3,,2162438.66,11,0.01%,91.12%
0x43cbe9dfe84e2f7451cf2b5caa28f02040e942f5,eth,,0x8132b321,,2427433.036,11,0.01%,91.13%
0x88de50b233052e4fb783d4f6db78cc34fea3e9fc,avax,,0x83bd37f9,,166924.6375,11,0.01%,91.13%
0x3a23f943181408eac424116af7b7790c94cb97a5,eth,,0x00000016,,171545.6767,11,0.01%,91.14%
0xe0cb6c672bc20314e1ba33b3f780f1567c48c93a,arb,,0xd95c409b,,45814.745,11,0.01%,91.14%
0xc71b5f631354be6853efe9c3ab6b9590f8302e81,eth,,0x095ea7b3,,87381.82727,11,0.01%,91.15%
0x7509c18b61be849ecd8167e3dee62bb05c078f84,eth,,0x1feed31f,,102687.3418,11,0.01%,91.16%
0x5e09acf80c0296740ec5d6f643005a4ef8daa694,arb,,0x18fccc76,,197208.94,11,0.01%,91.16%
0x584a4dd38d28fd1ea0e147ba7b70aed29a37e335,eth,,0xa9059cbb,,36466.64,10,0.01%,91.17%
0x1f9840a85d5af5bf1d1762f925bdaddc4201f984,eth,,0x095ea7b3,,97111.77,10,0.01%,91.17%
0xc40f949f8a4e094d1b49a23ea9241d289b7b2819,op,,0x095ea7b3,,4619116.748,10,0.01%,91.18%
0x4cb69fae7e7af841e44e1a1c30af640739378bb2,op,,0x59b87d8e,,188281.568,10,0.01%,91.18%
0xdb46d1dc155634fbc732f92e853b10b288ad5a1d,matic,,0xf90604d1,,490.71,10,0.01%,91.19%
0x3cca2d5cdd5d65fa2967e3c19f94e8f0d2a7994d,eth,,0x23b872dd,,2302.46,10,0.01%,91.19%
0x24bbc063def30ae81aecc659b97a8b2562b2afcd,op,,0x363b2eb2,,19919.798,10,0.01%,91.20%
0x19c921e19fb2ebb479dfccc80eb33745c9ee9ca1,arb,,0x6eeb299e,,36343.5625,10,0.01%,91.20%
0xc2bf4ebebbd692176d08fac51ba7ec3410af18ec,arb,,0xa54bd56d,,139677.26,10,0.01%,91.21%
0x30aceeb56739cfa58affa03e188711cd9d5e5fb5,base,,0xb1d3f1c1,,36946.58,10,0.01%,91.21%
0x6d245fa98af3e0a39c44a3090a634a3f9a189530,ftm,,0x9c421449,,3226312.76,10,0.01%,91.22%
0xd152f549545093347a162dce210e7293f1452150,eth,,0xc73a2d60,,26179.022,10,0.01%,91.22%
0x2626664c2603336e57b271c5c0b26f421741e481,base,,0x04e45aaf,,435912.52,10,0.01%,91.23%
0x2b591e99afe9f32eaa6214f7b7629768c40eeb39,eth,,0x23b872dd,,36466.64,10,0.01%,91.23%
0x3a23f943181408eac424116af7b7790c94cb97a5,bsc,,0x00000182,,279847.6709,10,0.01%,91.24%
0xe50fa9b3c56ffb159cb0fca61f5c9d750e8128c8,arb,,0x095ea7b3,,17539.32,10,0.01%,91.24%
0x00000000000000447e69651d841bd8d104bed493,eth,,0x30ff3140,,79010.495,10,0.01%,91.25%
0xe5095a9d6fe9573722706062eaafae422134cd33,zksync,,0xde3ab781,,31384.6525,10,0.01%,91.25%
0x3007083eaa95497cd6b2b809fb97b6a30bdf53d3,eth,,0xa9059cbb,,3404573,10,0.01%,91.26%
0x269727f088f16e1aea52cf5a97b1cd41daa3f02d,eth,,0xe0db3fcf,,1128865.803,10,0.01%,91.26%
0xd4ae6eca985340dd434d38f470accce4dc78d109,bsc,,0x5a47ddc3,,165881.09,10,0.01%,91.27%
0x70904a40fb1ac53876bf071a9e5fd1d3e42b44c8,bsc,,0x54c22e99,,350645.87,10,0.01%,91.27%
0x644192291cc835a93d6330b24ea5f5fedd0eef9e,eth,,0x23b872dd,,36466.64,10,0.01%,91.28%
0xfae103dc9cf190ed75350761e95403b7b8afa6c0,eth,,0xd0e30db0,,1290429.226,10,0.01%,91.29%
0x1231deb6f5749ef6ce6943a275a1d3e7486f4eae,avax,,0x482c6a85,,96445.7957,10,0.01%,91.29%
0x04756126f044634c9a0f0e985e60c88a51acc206,bsc,,0x23b872dd,,36466.64,10,0.01%,91.30%
0x2b49c3b0340df9eca71d9f130084821c63c9ae38,eth,,0x80ecdc01,,75718.322,10,0.01%,91.30%
0x388ffd4b4f14b74eb38a64335fd0622bb06a8a74,arb,,0x6eeb299e,,46919.47286,10,0.01%,91.31%
0x0e22b5f3e11944578b37ed04f5312dfc246f443c,base,,0x6a627842,,101022.9217,10,0.01%,91.31%
0xf9b3b38a458c2512b6680e1f3bc7a022e97d7dab,eth,,0x23b872dd,,2302.46,10,0.01%,91.32%
0x29469395eaf6f95920e59f858042f0e28d98a20b,eth,,0x4ae25a86,,17439.705,10,0.01%,91.32%
0x8263cd1601fe73c066bf49cc09841f35348e3be0,bsc,,0x23b872dd,,36466.64,10,0.01%,91.33%
0x02f92800f57bcd74066f5709f1daa1a4302df875,eth,,0xa9059cbb,,1148202.517,10,0.01%,91.33%
0x5f6a505af7785fc18cdb35080d89b2c0bb2bb533,eth,,0x02327c0a,,41575.5125,10,0.01%,91.34%
0x02950460e2b9529d0e00284a5fa2d7bdf3fa4d72,eth,,0xb72df5de,,1094200.095,10,0.01%,91.34%
0x837a130aed114300bab4f9f1f4f500682f7efd48,bsc,,0x23b872dd,,36466.64,10,0.01%,91.35%
0x87870bca3f3fd6335c3f4ce8392d69350b4fa4e2,eth,,0x617ba037,,1909832.219,10,0.01%,91.35%
0xd0c6e59b50c32530c627107f50acc71958c4341f,eth,,0xc192f4e5,,53110.405,10,0.01%,91.36%
0x20b5e8a1c5a66da0bf4ec8392efbc6053969bb42,eth,,0x02327c0a,,209712.7017,10,0.01%,91.36%
0xe2dba5bd02536b96683524a6975c9089a6ff5953,base,,0xd18e5f98,,13241.41333,10,0.01%,91.37%
0x68f216bde507f6ce6c66955d1b4216a402e94cf3,base,,0x095ea7b3,,119048.422,10,0.01%,91.37%
0x4e3fbd56cd56c3e72c1403e103b45db9da5b9d2b,eth,,0x095ea7b3,,8571156.04,10,0.01%,91.38%
0xde7d85157d9714eadf595045cc12ca4a5f3e2adb,eth,,0xa9059cbb,,3404573,10,0.01%,91.38%
0xf8ebf4849f1fa4faf0dff2106a173d3a6cb2eb3a,eth,,0x23b872dd,,36466.64,10,0.01%,91.39%
0xfb73dfff0ae6aa94559b1b17421cf42e198b8d22,arb,,0x3927ef8a,,247447.608,10,0.01%,91.39%
0x491604c0fdf08347dd1fa4ee062a822a5dd06b5d,eth,,0xa9059cbb,,3404573,10,0.01%,91.40%
0x838c9634de6590b96aeadc4bc6db5c28fd17e3c2,matic,,0x095ea7b3,,1231910.57,10,0.01%,91.40%
0x26f50a09fb6c7b4917f07947dab59be5d5064c22,eth,,0xddd5e1b2,,22594.85,10,0.01%,91.41%
0xae9a59943db928fe25bb4ef1fc37d7b0e28399b2,arb,,0xea80119e,,1126165.583,10,0.01%,91.41%
0x3a53269cae3281155e51d06ffe14fde8dc3662f7,bsc,,0xa5902fac,,277008.7867,10,0.01%,91.42%
0x873ec47bde28a13f0f92ef2e379b7550171506f8,eth,,0x095ea7b3,,143927.4,10,0.01%,
0x00000000009726632680fb29d3f7a9734e3010e2,base,,0x999b6464,,18916.684,10,0.01%,
0xc51ef828319b131b595b7ec4b28210ecf4d05ad0,bsc,,0x095ea7b3,,279220.6943,10,0.01%,
0xc87a7379773fda9f7a472f5a17d562e5214724c8,matic,,0x3183d9ef,,1126.4,10,0.01%,
0x000000000022d473030f116ddee9f6b43ac78ba3,matic,,0x2a2d80d1,,36466.64,10,0.01%,
0x0000000000000068f116a894984e2db1123eb395,base,,0xe7acab24,,68789.22182,10,0.01%,
0x6d778a0f5e07c01211672f57f246166ccf6541c1,matic,,0x43d1a89b,,10180.325,10,0.01%,
0xfc7599cffea9de127a9f9c748ccb451a34d2f063,eth,,0xdaecfa6c,,140669.77,10,0.01%,
0xe4fc328ae212232efc5f5dd0e0b1537cd055d715,base,,0x095ea7b3,,250288.7156,10,0.01%,
0x5da151b95657e788076d04d56234bd93e409cb09,eth,,0x23b872dd,,36466.64,10,0.01%,
0x6982508145454ce325ddbe47a25d4ec3d2311933,eth,,0x23b872dd,,36466.64,10,0.01%,
0xba4eee20f434bc3908a0b18da496348657133a7e,matic,,0x47e7ef24,,112301.008,10,0.01%,
0x58b9cb810a68a7f3e1e4f8cb45d1b9b3c79705e8,arb,,0x095ea7b3,,109834.2815,10,0.01%,
0xb4315e873dbcf96ffd0acd8ea43f689d8c20fb30,arb,,0x9ab6156b,,108927.6309,10,0.01%,
0xb99bf0f8182662cf041bd948497d104ee68f8936,zksync,,0xc35af429,,3078489.95,10,0.01%,
0x5d340658400e1d2352262c7c361ace0366bf6c24,arb,,0x095ea7b3,,113112.716,10,0.01%,
0x30aceeb56739cfa58affa03e188711cd9d5e5fb5,base,,0x28b8aee1,,36946.58,10,0.01%,
0xb0d502e938ed5f4df2e681fe6e419ff29631d62b,op,,0xc4de93a5,,32608.12167,10,0.01%,
0x1111111254fb6c44bac0bed2854e76f90643097d,eth,,0x7c025200,,7934.32,10,0.01%,
0xfb4d5a94b516df77fbdbcf3cfeb262baaf7d4db7,op,,0x2e7ba6ef,,86596.466,10,0.01%,
0x744d70fdbe2ba4cf95131626614a1763df805b9e,eth,,0xa9059cbb,,3404573,10,0.01%,
0x580e933d90091b9ce380740e3a4a39c67eb85b4c,arb,,0x23b872dd,,36466.64,10,0.01%,
0xa5e0829caced8ffdd4de3c43696c57f7d7a678ff,matic,,0x7ff36ab5,,192011.18,10,0.01%,
0xecd4bd3121f9fd604ffac631bf6d41ec12f1fafb,arb,,0x66514c97,,5890407.76,10,0.01%,
0x81e3a6f46715855b439f93e4023ed86bed619cf8,arb,,0x86e450d1,,150924.8333,10,0.01%,
0xd9812f24f34e0d727bbf6ea7caaee05b7f7a2603,eth,,0xa9059cbb,,3404573,10,0.01%,
0x00000000000e1a99dddd5610111884278bdbda1d,arb,,0xef76678a,,18835.53933,10,0.01%,
0xb478c6245e3d85d6ec3486b62ea872128d562541,eth,,0x095ea7b3,,198490.695,10,0.01%,
0x2170ed0880ac9a755fd29b2688956bd959f933f8,bsc,,0x23b872dd,,36466.64,10,0.01%,
0xb0d502e938ed5f4df2e681fe6e419ff29631d62b,op,,0x87b21efc,,31621.57286,10,0.01%,
0x89c8beb94766f713efffcd07a0f30cd26e40e425,op,,0xae3605ed,,5068453.128,10,0.01%,
0x59cd1c87501baa753d0b5b5ab5d8416a45cd71db,eth,,0x23b872dd,,36466.64,10,0.01%,
0x104bc711530554f18936a12542192f8bd36166b1,matic,,0x363b2eb2,,18746.73,10,0.01%,
0x3f433f14e6ace35bd11c6a8c6d8875daa68c6a80,base,,0xa0712d68,,68395.09,10,0.01%,
0x22d8b71599e14f20a49a397b88c1c878c86f5579,zksync,,0x1249c58b,,10613.32143,10,0.01%,
0x5a8694ac23114ae97fda5828839888f340c93aa9,zksync,,0x7ba0e2e7,,28562.19167,10,0.01%,
0x35ec5f1ae635f5483331f54088ecec816ea78fb1,eth,,0xd0e30db0,,51834.47357,10,0.01%,
0xfb5b838b6cfeedc2873ab27866079ac55363d37e,bsc,,0x23b872dd,,36466.64,10,0.01%,
0x2e86b4c27111be2861e7e9d896b76f759cf75495,bsc,,0xa9059cbb,,7.78,10,0.01%,
0xf1511269f09d171746d768d5742f3d13756f5b1f,eth,,0xe0e716c4,,52549.6175,10,0.01%,
0x73d7c860998ca3c01ce8c808f5577d94d545d1b4,eth,,0x23b872dd,,36466.64,10,0.01%,
0x2fcbd5a6eb694d573d280664393681cb52b9a98b,eth,,0xa9059cbb,,3404573,10,0.01%,
0x6d245fa98af3e0a39c44a3090a634a3f9a189530,ftm,,0x82cee55c,,3226312.76,10,0.01%,
0xaf9c4f6a0ceb02d4217ff73f3c95bbc8c7320cee,arb,,0x95188b6a,,1497754.1,10,0.01%,
0x92d6c1e31e14520e676a687f0a93788b716beff5,eth,,0x095ea7b3,,1559242.031,10,0.01%,
0xd3d9ddd0cf0a5f0bfb8f7fceae075df687eaebab,eth,,0xa22cb465,,43510.87167,10,0.01%,
0x1f9840a85d5af5bf1d1762f925bdaddc4201f984,eth,,0x23b872dd,,36466.64,10,0.01%,
0xaf9c4f6a0ceb02d4217ff73f3c95bbc8c7320cee,arb,,0x34ab4e56,,2935958,10,0.01%,
0x88da9901b3a02fe24e498e1ed683d2310383e295,bsc,,0x23b872dd,,36466.64,10,0.01%,
0x5f9aec2a0f26b9cd1d56a48da8cc86da3bc9fec0,arb,,0xfb4d364c,,0,10,0.01%,
0x62d0a8458ed7719fdaf978fe5929c6d342b0bfce,eth,,0x095ea7b3,,115162.46,10,0.01%,
0xa449b4f43d9a33fcdcf397b9cc7aa909012709fd,base,,0x42842e0e,,19490.74,10,0.01%,
0x8731d54e9d02c286767d56ac03e8037c07e01e98,linea,,0x1114cd2a,,57680.69889,10,0.01%,
0xcbed801b4162bf2a19b06968663438b5165a6a93,arb,,0xa9059cbb,,42272.3,10,0.01%,
0x0ec68c5b10f21effb74f2a5c61dfe6b08c0db6cb,eth,,0x4870496f,,1785841.697,10,0.01%,
0x22d8b71599e14f20a49a397b88c1c878c86f5579,zksync,,0x852a12e3,,10401.39143,10,0.01%,
0x600c411c1195605cc75a7645f2bca782fcfc4d6c,eth,,0xa22cb465,,10089.88,10,0.01%,
0x00000000edb4489cb49fe07246f39345c9f838cd,base,,0x8b0a6ef9,,545522.25,10,0.01%,
0xdaec33641865e4651fb43181c6db6f7232ee91c2,zksync,,0x1688f0b9,,37785.69222,10,0.01%,
0x000f1720a263f96532d1ac2bb9cdc12b72c6f386,arb,,0x095ea7b3,,185319.096,10,0.01%,
0x1b6382dbdea11d97f24495c9a90b7c88469134a4,ftm,,0x095ea7b3,,2030317.13,10,0.01%,
0x2dad3a13ef0c6366220f989157009e501e7938f8,op,,0x095ea7b3,,330287.9133,10,0.01%,
0x0baeccd651cf4692a8790bcc4f606e79bf7a3b1c,eth,,0xa22cb465,,44256.02111,10,0.01%,
0x742b70151cd3bc7ab598aaff1d54b90c3ebc6027,eth,,0x282d3fdf,,4012091.742,10,0.01%,
0xc36442b4a4522e871399cd717abdd847ab11fe88,arb,,0x88316456,,1147713.97,10,0.01%,
0x000000000022d473030f116ddee9f6b43ac78ba3,op,,0x2a2d80d1,,36466.64,10,0.01%,
0x41020dc0f2ea53e8e2cf1481606e3611b8e6efe9,base,,0x42af92af,,2201.44,10,0.01%,
0x4b9eb6c0b6ea15176bbf62841c6b2a8a398cb656,zksync,,0x095ea7b3,,20335.2513,10,0.01%,
0xf57e7e7c23978c3caec3c3548e3d615c346e79ff,eth,,0x23b872dd,,36466.64,10,0.01%,
0x0fc3dd8c37880a297166bed57759974a157f0e74,eth,,0xa22cb465,,32070.708,10,0.01%,
0xaaee1a9723aadb7afa2810263653a34ba2c21c7a,eth,,0x095ea7b3,,29156.38625,10,0.01%,
0x61e40c3e5a150045984dd683ad781fba2b44fd67,ftm,,0xaad3ec96,,734.31,10,0.01%,
0x89ae36e3b567b914a5e97e6488c6eb5b9c5d0231,arb,,0xbaa2abde,,75419.752,10,0.01%,
0x7130d2a12b9bcbfae4f2634d864a1ee1ce3ead9c,bsc,,0x23b872dd,,36466.64,10,0.01%,
0xf75a5a562a2ed7bf08bc907f9139b1bb9af8784e,ftm,,0xaad3ec96,,734.31,10,0.01%,
0xb4315e873dbcf96ffd0acd8ea43f689d8c20fb30,avax,,0x2075ad22,,136467.565,10,0.01%,
0x78a0a62fba6fb21a83fe8a3433d44c73a4017a6f,eth,,0x095ea7b3,,345070.0263,10,0.01%,
0x07973730596e7dba60e586cdc3dd48d2886df9dd,arb,,0xdd467064,,224589.76,10,0.01%,
0x903ca00944d0b51e50d9f4fc96167c89f211542a,arb,,0x095ea7b3,,136139.7033,10,0.01%,
0x9e8b6d29c0410b8c7e67bb151ca7c0f9f6cba8bf,arb,,0x4fa9c4db,,40006.65,10,0.01%,
0xbaac2b4491727d78d2b78815144570b9f2fe8899,eth,,0xa9059cbb,,1178091.533,10,0.01%,
0x05490ae02f71d2f3d1c96a7e62b44a1b2348c66b,base,,0x9dbb844d,,23647.837,10,0.01%,
0xcafd2f0a35a4459fa40c0517e17e6fa2939441ca,eth,,0x29ac8361,,2579149.847,10,0.01%,
0x5da151b95657e788076d04d56234bd93e409cb09,eth,,0xa9059cbb,,36466.64,10,0.01%,
0xb6111dae5e9a8b669449dc100d262eca438dcf92,arb,,0xf03f158c,,6217508.83,10,0.01%,
0x00000000005bbb0ef59571e58418f9a4357b68a0,eth,,0x47f1de22,,5337357.66,10,0.01%,
0x888888848b652b3e3a0f34c96e00eec0f3a23f72,eth,,0xa9059cbb,,3404573,10,0.01%,
0x5b5cfe992adac0c9d48e05854b2d91c73a003858,arb,,0x252dba42,,11583606.6,10,0.01%,
0xbddcf6ab290e7ad076ca103183730d1bf0661112,base,,0xdc707bf1,,161947.1757,10,0.01%,
0x54de43b6ba21a5553697a2b78338e046dd7e0278,zksync,,0x40c10f19,,19410.764,10,0.01%,
0x47176b2af9885dc6c4575d4efd63895f7aaa4790,eth,,0x441a3e70,,1879554.394,10,0.01%,
0x92db06fc3c8554f547f69e754f4f12c87855f786,zksync,,0xb49004e9,,492.64,10,0.01%,
0x00000000005bbb0ef59571e58418f9a4357b68a0,eth,,0xd0f42385,,3438239.51,10,0.01%,
0xcc8e00a444e7d4262fcdc2151fe866741ce76986,eth,,0x819b25ba,,152100.8414,10,0.01%,
0x47c454ca6be2f6def6f32b638c80f91c9c3c5949,bsc,,0x23b872dd,,36466.64,10,0.01%,
0x311434160d7537be358930def317afb606c0d737,matic,,0x23b872dd,,36466.64,10,0.01%,
0xeb3e64ad9314d20bf943ac72fb69f272603f9cce,arb,,0x095ea7b3,,6190294.73,10,0.01%,
0xe9eccde9d26fcbb5e93f536cfc4510a7f46274f8,eth,,0x095ea7b3,,118756.461,10,0.01%,
0x82af49447d8a07e3bd95bd0d56f35241523fbab1,arb,,0x23b872dd,,36466.64,10,0.01%,
0xda47862a83dac0c112ba89c6abc2159b95afd71c,eth,,0xa9059cbb,,3404573,10,0.01%,
0xed3217646d10d40e1eaae150e004aa2bdcfcea62,zksync,,0x83a7abd8,,24816.87333,10,0.01%,
0x4621b7a9c75199271f773ebd9a499dbd165c3191,base,,0x095ea7b3,,901964.905,10,0.01%,
0x75a99528b5fc4d328473032c9f390db7c8babdf1,arb,,0x5435ed64,,308788.975,10,0.01%,
0x6352a56caadc4f1e25cd6c75970fa768a3304e64,avax,,0x90411a32,,422007.2431,10,0.01%,
0x1d6509e5e79e8935c573bde7ef66c3007b679a6b,zksync,,0xa2a3c0cb,,43761.434,10,0.01%,
0x3c8b650257cfb5f272f799f5e2b4e65093a11a05,op,,0x095ea7b3,,482871.3843,10,0.01%,
0x7122985656e38bdc0302db86685bb972b145bd3c,eth,,0x095ea7b3,,1754089.217,10,0.01%,
0xcb0620b181140e57d1c0d8b724cde623ca963c8c,bsc,,0x69328dec,,75782.99333,10,0.01%,
0x69460570c93f9de5e2edbc3052bf10125f0ca22d,arb,,0xb17d0e6e,,60250.63529,10,0.01%,
0xe2c96a636c64322d444c58de20e599b3ce9c6116,bsc,,0xb6b55f25,,165881.09,10,0.01%,
0x259c1c2ed264402b5ed2f02bc7dc25a15c680c18,op,,0x095ea7b3,,762403.9675,10,0.01%,
0xc3f733ca98e0dad0386979eb96fb1722a1a05e69,eth,,0x23b872dd,,2302.46,10,0.01%,
0xc46233dd3775c858a926b2b2d398bea7ca69499c,arb,,0xa22cb465,,53120.066,10,0.01%,
0x3a23f943181408eac424116af7b7790c94cb97a5,op,,0x0000018d,,161794.6771,10,0.01%,
0xfd4ca4a692f14d88af3e7ae13cf00d5095213b25,eth,,0x095ea7b3,,162574.64,10,0.01%,
0xdac7479e5f7c01cc59bbf7c1c4edf5604ada1ff2,zksync,,0x498eff64,,26272.24333,10,0.01%,
0x4e2f19b4496eeb9c04fd16327fe9fe0610721f9d,bsc,,0x5843dcb3,,15923.115,10,0.01%,
0x4268ddd4f1b2ab737729ec7a0c08c8510ad6a85c,avax,,0xefb73880,,21633.84,10,0.01%,
0x7130d2a12b9bcbfae4f2634d864a1ee1ce3ead9c,bsc,,0xa9059cbb,,218017.386,10,0.01%,
0x176211869ca2b568f2a7d4ee941e073a821ee1ff,linea,,0xa9059cbb,,36864.2575,10,0.01%,
0x4200000000000000000000000000000000000042,op,,0x5c19a95c,,35556.0888,10,0.01%,
0xaaa1ee8dc1864ae49185c368e8c64dd780a50fb7,arb,,0xd9bf821b,,142473.394,10,0.01%,
0x0e22b5f3e11944578b37ed04f5312dfc246f443c,base,,0xc86d8bb0,,197795.8367,10,0.01%,
0xc4729e56b831d74bbc18797e0e17a295fa77488c,avax,,0xf0350382,,1952768.932,10,0.01%,
0xc4b2f992496376c6127e73f1211450322e580668,arb,,0xd44107a4,,201381.4467,10,0.01%,
0x5af0d9827e0c53e4799bb226655a1de152a425a5,eth,,0xa22cb465,,74034.50333,10,0.01%,
0x570a5d26f7765ecb712c0924e4de545b89fd43df,bsc,,0x23b872dd,,36466.64,10,0.01%,
0xf824b149c5f7c666f8a2aa4d3657fc35d3b4dfa5,arb,,0x095ea7b3,,4048029.57,10,0.01%,
0x0288f05848318c3b3cbfb524ce129ee67179f130,arb,,0x8914d655,,115410.39,10,0.01%,
0x09aea4b2242abc8bb4bb78d537a67a245a7bec64,base,,0x1186ec33,,1677224.305,10,0.01%,
0xff2b4721f997c242ff406a626f17df083bd2c568,eth,,0xa22cb465,,87918.002,10,0.01%,
0xa7fd99748ce527eadc0bdac60cba8a4ef4090f7c,matic,,0x99818378,,9922.554,9,0.00%,
0xc3dd5b34c55890d3f4544a768ab0ac38fbb6585f,eth,,0x02327c0a,,62568.46714,9,0.00%,
0x84018071282d4b2996272659d9c01cb08dd7327f,eth,,0x095ea7b3,,161126.9957,9,0.00%,
0xf6d1b85af155229acd7b523601148585a1ff67c6,matic,,0x33123926,,6923.41781,9,0.00%,
0x9d87ff196646a99bddb16876066aa863900118b4,eth,,0x2e17de78,,581820.3333,9,0.00%,
0x5de117628b5062f56f37d8fb6603524c7189d892,zksync,,0x410404b7,,3434073.758,9,0.00%,
0xddaecf4b02a3e45b96fc2d7339c997e072b0d034,arb,,0x4178ec28,,214755.633,9,0.00%,
0x3a23f943181408eac424116af7b7790c94cb97a5,op,,0x00000011,,179604.1183,9,0.00%,
0x82b3634c0518507d5d817be6dab6233ebe4d68d9,op,,0xf9b2c833,,112732.68,9,0.00%,
0x00000000005bbb0ef59571e58418f9a4357b68a0,arb,,0x339a5572,,2287335.803,9,0.00%,
0xd2e32323686de92411639d446396afa5e6149c28,op,,0x00f714ce,,11583606.6,9,0.00%,
0x356e17967206efb413b60ab0ba44e269063a26c9,eth,,0xa9059cbb,,3404573,9,0.00%,
0x3a23f943181408eac424116af7b7790c94cb97a5,bsc,,0x0000000d,,90654.4,9,0.00%,
0xd28b3ff801f17f883bb1bf0daa2c56da15a49a3b,base,,0x9dbb844d,,95010.82891,9,0.00%,
0x5ebc127fae83ed5bdd91fc6a5f5767e259df5642,eth,,0x22bee494,,24758.39778,9,0.00%,
0x9e8b6d29c0410b8c7e67bb151ca7c0f9f6cba8bf,arb,,0xcbb50e61,,45135.6275,9,0.00%,
0x1231deb6f5749ef6ce6943a275a1d3e7486f4eae,bsc,,0xbe1eace7,,275501.4659,9,0.00%,
0xd2ce52833a2a70cf6255c6374bc44525a0fb93d8,arb,,0xe6f1daf2,,11583606.6,9,0.00%,
0x00000000005bbb0ef59571e58418f9a4357b68a0,eth,,0x339a5572,,2287335.803,9,0.00%,
0x7d89e05c0b93b24b5cb23a073e60d008fed1acf9,base,,0x095ea7b3,,25505.165,9,0.00%,
0x703843c3379b52f9ff486c9f5892218d2a065cc8,base,,0xc5ebeaec,,22442.62,9,0.00%,
0xfb86e23c71ecfd07af371b290a453704f52b1f9a,matic,,0x1ddfbff5,,2074.68,9,0.00%,
0x62b9c7356a2dc64a1969e19c23e4f579f9810aa7,eth,,0x095ea7b3,,146036.8667,9,0.00%,
0x5faa989af96af85384b8a938c2ede4a7378d9875,eth,,0x095ea7b3,,66373.33857,9,0.00%,
0x92c6ab27bfd2f0e995168144e278a2d086feda4b,arb,,0x48686626,,84386.48,9,0.00%,
0x1d68124e65fafc907325e3edbf8c4d84499daa8b,op,,0xc6878519,,81726.58,9,0.00%,
0x6e84a6216ea6dacc71ee8e6b0a5b7322eebc0fdd,avax,,0x095ea7b3,,66982.18556,9,0.00%,
0xcc7ff230365bd730ee4b352cc2492cedac49383e,base,,0x095ea7b3,,650382.236,9,0.00%,
0x8ab178c07184ffd44f0adff4ea2ce6cfc33f3b86,base,,0x94aee422,,4048175.354,9,0.00%,
0xbb2826ab03b6321e170f0558804f2b6488c98775,bsc,,0x23b872dd,,36466.64,9,0.00%,
0x7395212473fc2e545d3d3cbdd8c1f11d615f6fc2,base,,0x0ee6e5fa,,53382.44556,9,0.00%,
0x3a23f943181408eac424116af7b7790c94cb97a5,bsc,,0x37c6145a,,24380.86442,9,0.00%,
0xbdec68492d69a7ff1fb4c2abf5c28ade535dc88a,linea,,0xbc2a4c29,,92274.59,9,0.00%,
0x79f483f2c878eaacd19a6c18c3e412e06e51f9a2,eth,,0x1feed31f,,194109.1311,9,0.00%,
0x3335733c454805df6a77f825f266e136fb4a3333,bsc,,0xe1fcde8e,,53580.38266,9,0.00%,
0x0581ddf7a136c6837429a46c6cb7b388a3e52971,eth,,0xa22cb465,,53820.954,9,0.00%,
0xc49d27c4a520a71ff899de7aca9fb56794bb0f1e,eth,,0xd692f7a7,,89244.83,9,0.00%,
0xb517850510997a34b4ddc8c3797b4f83fad510c4,eth,,0x46e44847,,263.12,9,0.00%,
0xadbf63d24a9496cf2ac5cc923429a8a7275ab6db,arb,,0x091136b4,,108604.11,9,0.00%,
0x0000000000000068f116a894984e2db1123eb395,base,,0xf2d12b12,,69544.82048,9,0.00%,
0xce16f69375520ab01377ce7b88f5ba8c48f8d666,base,,0x58181a80,,357078.05,9,0.00%,
0x2d30a29a8a129cd6b2d5d80074c6fc9c80b13c35,arb,,0xea80119e,,301471.448,9,0.00%,
0x74dd45dd579cad749f9381d6227e7e02277c944b,matic,,0x095ea7b3,,318119.34,9,0.00%,
0xd1ad8ebfb0fb6306962e48260cf1e8062eb28cfa,eth,,0x42842e0e,,26561.16889,9,0.00%,
0x0e0c9756a3290cd782cf4ab73ac24d25291c9564,base,,0x095ea7b3,,120683.2483,9,0.00%,
0xb1d1ee9d9309f8c681f3068e647b546f7c58d1e3,eth,,0x32d5ea02,,7383.57,9,0.00%,
0xa238dd80c259a72e81d7e4664a9801593f98d1c5,base,,0xa415bcad,,71112.1775,9,0.00%,
0x9e629d779be89783263d4c4a765c38eb3f18671c,eth,,0xa22cb465,,352258.095,9,0.00%,
0xebf418fe2512e7e6bd9b87a8f0f294acdc67e6b4,base,,0xb2383e55,,2935958,9,0.00%,
0x1195cf65f83b3a5768f3c496d3a05ad6412c64b7,op,,0x0bdd6875,,29041.70962,9,0.00%,
0xd840f78b26147f583c853c93dc8e0e5521c3af35,arb,,0x3d18b912,,97024.055,9,0.00%,
0x423f4e6138e475d85cf7ea071ac92097ed631eea,eth,,0x23b872dd,,36466.64,9,0.00%,
0x423f4e6138e475d85cf7ea071ac92097ed631eea,eth,,0x095ea7b3,,123232.5875,9,0.00%,
0xda31d0d1bc934fc34f7189e38a413ca0a5e8b44f,eth,,0xa9059cbb,,1705619.02,9,0.00%,
0x590f820444fa3638e022776752c5eef34e2f89a6,eth,,0x095ea7b3,,386850.8933,9,0.00%,
0x75c143460f6e3e22f439dff947e25c9ccb72d2e8,arb,,0xe4eae6b7,,95904.06,9,0.00%,
0xa2f56d93815b24b33317d310480af1294564776b,eth,,0x28e823d2,,20437.4,9,0.00%,
0x3a23f943181408eac424116af7b7790c94cb97a5,matic,,0x00000193,,57550.10667,9,0.00%,
0x3a23f943181408eac424116af7b7790c94cb97a5,avax,,0x00000181,,40877.00222,9,0.00%,
0x7e7a0e201fd38d3adaa9523da6c109a07118c96a,avax,,0xc2288147,,145525.3451,9,0.00%,
0x47fbe95e981c0df9737b6971b451fb15fdc989d9,base,,0x5b7d7482,,30355.9075,9,0.00%,
0xb86e490e72f050c424383d514362dc61dabb1cc3,eth,,0x02c28f23,,2074.68,9,0.00%,
0xba5e6fa2f33f3955f0cef50c63dcc84861eab663,base,,0x095ea7b3,,465796.1967,9,0.00%,
0xe99ead648fb2893d1cfa4e8fe8b67b35572d2581,arb,,0x45b35f56,,131374.045,9,0.00%,
0x3a23f943181408eac424116af7b7790c94cb97a5,base,,0x37c6145a,,24380.86442,9,0.00%,
0xafb979d9afad1ad27c5eff4e27226e3ab9e5dcc9,eth,,0xfdd46d60,,40699.1925,9,0.00%,
0x13ff38fecc654e1d449566c19d8e46d68acf2afe,eth,,0x095ea7b3,,84872.84333,9,0.00%,
0x739032f71cb15aef4e842d13754040da89c67a73,eth,,0x95a2251f,,1047733.817,9,0.00%,
0x023ac24fe012c188ddf04b1e6adcb2d78daab09f,base,,0x095ea7b3,,126514.0203,9,0.00%,
0x83fc503345dcde6197b2bd8eaa82ccb4b737be40,base,,0x2e1a7d4d,,128116.03,9,0.00%,
0xbabafdd8045740449a42b788a26e9b3a32f88ac1,eth,,0xa22cb465,,94713.62778,9,0.00%,
0xfc10cd3895f2c66d6639ec33ae6360d6cfca7d6d,eth,,0x095ea7b3,,126546.238,9,0.00%,
0x41ea5d41eeacc2d5c4072260945118a13bb7ebce,eth,,0x23b872dd,,36466.64,9,0.00%,
0x89d584a1edb3a70b3b07963f9a3ea5399e38b136,eth,,0x23b872dd,,36466.64,9,0.00%,
0x17132ce52d40248f5077f4f51c6e3bdf7682749f,zksync,,0xac9650d8,,126422.9157,9,0.00%,
0x8d0802559775c70fb505f22988a4fd4a4f6d3b62,eth,,0xa22cb465,,4243.4325,9,0.00%,
0xfc287513e2dd58fbf952eb0ed05d511591a6215b,eth,,0xb460af94,,409772.36,9,0.00%,
0x68f180fcce6836688e9084f035309e29bf0a2095,op,,0x095ea7b3,,3732579.18,9,0.00%,
0x46a15b0b27311cedf172ab29e4f4766fbe7f4364,base,,0x88316456,,4108779.253,9,0.00%,
0xfb35fd0095dd1096b1ca49ad44d8c5812a201677,eth,,0x095ea7b3,,254361.8338,9,0.00%,
0x6352a56caadc4f1e25cd6c75970fa768a3304e64,op,,0x90411a32,,422007.2431,9,0.00%,
0x777dfb70eb952a081d0d11ff828715f79572cfe4,ftm,,0x5ca89c8e,,2030317.13,9,0.00%,
0x8b0e6f19ee57089f7649a455d89d7bc6314d04e8,arb,,0x095ea7b3,,40649.11875,9,0.00%,
0xef62b433ca3ac8b151c4a255de3ed3da4e60add2,arb,,0x1249c58b,,22949.22333,9,0.00%,
0x493257fd37edb34451f62edf8d2a0c418852ba4c,zksync,,0xa9059cbb,,83514.71625,9,0.00%,
0x772598e9e62155d7fdfe65fdf01eb5a53a8465be,arb,,0x095ea7b3,,304204.3883,9,0.00%,
0xfea7a6a0b346362bf88a9e4a88416b77a57d6c2a,arb,,0x095ea7b3,,3215969.65,9,0.00%,
0xb7f3475a2b4c97909017a7b0260075ceebd2686f,eth,,0x8519bb9a,,229983.493,9,0.00%,
0x3d1c949a761c11e4cc50c3ae6bdb0f24fd7a39da,eth,,0xa9059cbb,,3404573,9,0.00%,
0xf4b1486dd74d07706052a33d31d7c0aafd0659e1,arb,,0xe8eda9df,,189825.4233,9,0.00%,
0x1d68124e65fafc907325e3edbf8c4d84499daa8b,op,,0x0f5287b0,,41323.10167,9,0.00%,
0xd0764fae29e0a6a96ff685f71cfc685456d5636c,eth,,0x23caab49,,656296.156,9,0.00%,
0x3a23f943181408eac424116af7b7790c94cb97a5,bsc,,0x0000018b,,283838.3892,9,0.00%,
0x678aa4bf4e210cf2166753e054d5b7c31cc7fa86,base,,0x5ae401dc,,78151.64556,9,0.00%,
0xf6e932ca12afa26665dc4dde7e27be02a7c02e50,base,,0x095ea7b3,,3869676.04,9,0.00%,
0xb0e0698f196e16cd353d409fb19e3536076b7cae,eth,,0x9b8fa79d,,243645.9,9,0.00%,
0x7a63846d7c1f2718cd548df853746ca2e81b61d2,arb,,0x770c5c12,,5861641.92,9,0.00%,
0xfdd5f18fcf6aed011192fb82b82b6f65c381b8ba,arb,,0x9c421449,,3226312.76,9,0.00%,
0x1ae7e1d0ce06364ced9ad58225a1705b3e5db92b,eth,,0x095ea7b3,,123456.2,9,0.00%,
0x50b0696468f42cab1ddc76413a1312aff3cabdf6,eth,,0x095ea7b3,,22156.54677,9,0.00%,
0x16f354df8eac5b65ca51a2e30182efc0b5162521,eth,,0x095ea7b3,,71709.69082,9,0.00%,
0x1231deb6f5749ef6ce6943a275a1d3e7486f4eae,base,,0x55c99cd8,,71456.298,9,0.00%,
0xc8b6950e0654a7368ce1a8855ed90e987dac2d8d,eth,,0x095ea7b3,,198796.3163,9,0.00%,
0xa6b71e26c5e0845f74c812102ca7114b6a896ab2,eth,,0x1688f0b9,,45566.78067,9,0.00%,
0xd00789260984160a64dcf19a03896dff73bf4514,bsc,,0x47e7ef24,,42729.0825,9,0.00%,
0x95fc37a27a2f68e3a647cdc081f0a89bb47c3012,eth,,0xb1a1a882,,310882.8583,9,0.00%,
0x70f61901658aafb7ae57da0c30695ce4417e72b9,arb,,0xc00007b0,,323269.77,9,0.00%,
0x2933749e45796d50eba9a352d29eed6fe58af8bb,linea,,0xf02bc6d5,,30338.9038,9,0.00%,
0x9d87ff196646a99bddb16876066aa863900118b4,eth,,0xa694fc3a,,481658.873,9,0.00%,
0x48758b4aee6f6752830fa86dedc7ce919ea97155,bsc,,0x4e71d92d,,4663.8,9,0.00%,
0x4d9429246ea989c9cee203b43f6d1c7d83e3b8f8,zksync,,0x573ade81,,237723.8333,9,0.00%,
0x95ccffae3eb8767d4a941ec43280961dde89f4de,eth,,0x095ea7b3,,72524.07,9,0.00%,
0x526b3d92ff55263dd24e3e14ccd0f5c2dab81d3b,base,,0xb6b55f25,,3945718.137,9,0.00%,
0x82635af6146972cd6601161c4472ffe97237d292,avax,,0x3593564c,,98805.97,9,0.00%,
0x00000000005bbb0ef59571e58418f9a4357b68a0,eth,,0x60da0860,,1425510.506,9,0.00%,
0x46b4b78d1cd660819c934e5456363a359fde43f4,eth,,0x5c2708bc,,56928.275,9,0.00%,
0x21b14441c489f9720d9cac4cde30db423885d144,eth,,0x1feed31f,,107884.6324,9,0.00%,
0x80c62fe4487e1351b47ba49809ebd60ed085bf52,eth,,0xa9059cbb,,3404573,9,0.00%,
0x2ddb11443bd9ceb92d4951a05f55eb7096eb53d3,eth,,0x2e7ba6ef,,3144711.52,9,0.00%,
0x4d9429246ea989c9cee203b43f6d1c7d83e3b8f8,zksync,,0xa415bcad,,130734.35,9,0.00%,
0x1f272ab2bdc512cb59e7b49485efe16d2d7f9ffa,eth,,0x1feed31f,,278730.8967,9,0.00%,
0xa4108aa1ec4967f8b52220a4f7e94a8201f2d906,eth,,0x0f212357,,2498359.65,9,0.00%,
0xe1abd004250ac8d1f199421d647e01d094faa180,base,,0x095ea7b3,,112777.751,9,0.00%,
0x360cbbb504f46c23c37cf928b352111b25652f91,arb,,0x48f02917,,3467322.401,9,0.00%,
0xff970a61a04b1ca14834a43f5de4533ebddb5cc8,arb,,0x39509351,,9260.283333,9,0.00%,
0x6051f99cc1d45227106b895f16cb85827f2821e5,arb,,0x4b2084e3,,75857.56333,9,0.00%,
0xbe33f57f41a20b2f00dec91dcc1169597f36221f,eth,,0x095ea7b3,,84539.06409,9,0.00%,
0x04068da6c83afcfa0e13ba15a6696662335d5b75,ftm,,0x095ea7b3,,324869.108,9,0.00%,
0x4dea9e918c6289a52cd469cac652727b7b412cd2,op,,0x441a3e70,,37247.228,9,0.00%,
0x3e34632e7d3484359777fcc98d6b96413a31907f,base,,0x095ea7b3,,498693.1433,9,0.00%,
0x525a8f6f3ba4752868cde25164382bfbae3990e1,eth,,0xa9059cbb,,3404573,9,0.00%,
0x5b7533812759b45c2b44c19e320ba2cd2681b542,eth,,0x23b872dd,,36466.64,9,0.00%,
0xb23d80f5fefcddaa212212f028021b41ded428cf,eth,,0xa9059cbb,,580003.5029,9,0.00%,
0x6f922284798de645e8bc1040450d32bde963c992,eth,,0xf2c298be,,171983.8014,9,0.00%,
0x9d39a5de30e57443bff2a8307a4256c8797a3497,eth,,0xf2888dbb,,191141.1778,9,0.00%,
0xa39a5f160a1952ddf38781bd76e402b0006912a9,base,,0x38016acd,,19490.74,9,0.00%,
0x9e9fbde7c7a83c43913bddc8779158f1368f0413,eth,,0x42842e0e,,2410383.57,9,0.00%,
0xb55ced4d5f7346a6601ebebddc98d0415c94095a,op,,0x22867d78,,11583606.6,9,0.00%,
0xcaa5ed9c4a66e53a6f9fcf2aa378884af17600ae,op,,0x42842e0e,,5019.46,9,0.00%,
0x1f721e2e82f6676fce4ea07a5958cf098d339e18,arb,,0xac9650d8,,109137.05,9,0.00%,
0x037a54aab062628c9bbae1fdb1583c195585fe41,eth,,0x23b872dd,,36466.64,9,0.00%,
0x4186bfc76e2e237523cbc30fd220fe055156b41f,arb,,0x095ea7b3,,1701006.48,9,0.00%,
0xa0b9356bee63d2488e6d1146e90c4a85fa5fb9a1,eth,,0x23b872dd,,2302.46,9,0.00%,
0xd0c6e59b50c32530c627107f50acc71958c4341f,eth,,0x2b218022,,53110.405,9,0.00%,
0x3d9e2d8af6ff16a62217c8a559ee5987c72acb86,base,,0xb6b55f25,,167676.675,9,0.00%,
0xf236ea74b515ef96a9898f5a4ed4aa591f253ce1,arb,,0x095ea7b3,,811172.95,9,0.00%,
0x9b036dbb4dee6b1fc62eb7d4fcae2530200c90f6,arb,,0x1e83409a,,56337,9,0.00%,
0xf05f0e4362859c3331cb9395cbc201e3fa6757ea,bsc,,0xb1a1a882,,58242.72775,9,0.00%,
0x1a91d2e6e24011524752f8796bb0afad923a5cab,matic,,0xa5902fac,,194502.6367,9,0.00%,
0x42476f744292107e34519f9c357927074ea3f75d,eth,,0xa9059cbb,,3404573,9,0.00%,
0x3a23f943181408eac424116af7b7790c94cb97a5,base,,0x0000018d,,161794.6771,9,0.00%,
0x0966e72256d6055145902f72f9d3b6a194b9ccc3,arb,,0xaa607cd3,,2935958,9,0.00%,
0x1b23d0f0f6dc3547c1b6945152acbfd6eaad85b0,eth,,0xa22cb465,,72709.96222,9,0.00%,
0x5e68be9a532eadf5edcbc2bec857d3d4b2e3aec5,base,,0x59d16257,,23204.46857,9,0.00%,
0x474ca8d19cbcd57e2ddf90c5a6b0841d250b9b96,eth,,0x1feed31f,,219488.4914,9,0.00%,
0x0b612b947b43f598a03f13d9f1ede70e7b8a0ea7,op,,0x82cee55c,,3226312.76,9,0.00%,
0xba25b2281214300e4e649fead9a6d6acd25f1c0a,eth,,0x095ea7b3,,423065.8933,9,0.00%,
0xd7bae919114d36fa5ac5de0ce5d879473fb6b88c,eth,,0x1feed31f,,119788.1822,9,0.00%,
0x111111125421ca6dc452d289314280a0f8842a65,base,,0xb68fb020,,92840.77167,9,0.00%,
0x000000000022d473030f116ddee9f6b43ac78ba3,arb,,0x0d58b1db,,36466.64,9,0.00%,
0x941bc2e04a776d436e183fe4204bb84feba564d3,eth,,0x39f976d1,,31934.73,9,0.00%,
0x49ad262c49c7aa708cc2df262ed53b64a17dd5ee,eth,,0x27162da5,,135803.21,9,0.00%,
0x4c749d097832de2fecc989ce18fdc5f1bd76700c,arb,,0x095ea7b3,,1583050.53,9,0.00%,
0x2ac2b254bc18cd4999f64773a966e4f4869c34ee,arb,,0x095ea7b3,,1458388.342,9,0.00%,
0x29469395eaf6f95920e59f858042f0e28d98a20b,eth,,0xb2a0bb86,,34879.41,9,0.00%,
0xd0f6a80064580b685e71359277370d6d4eece3a4,eth,,0xa22cb465,,83412.53444,9,0.00%,
0xb0e0698f196e16cd353d409fb19e3536076b7cae,eth,,0xfb38efc8,,243645.9,9,0.00%,
0xc8de43bfe33ff496fa14c270d9cb29bda196b9b5,eth,,0xa9059cbb,,3404573,9,0.00%,
0x358268927d4f229629afeb59cd3a84f33e771690,base,,0x40c10f19,,37637.92667,9,0.00%,
0x8e3a59427b1d87db234dd4ff63b25e4bf94672f4,eth,,0x095ea7b3,,4369537.74,9,0.00%,
0x9c4ec768c28520b50860ea7a15bd7213a9ff58bf,arb,,0xf2b9fdb8,,20100.162,9,0.00%,
0x485c665d8eeaca7987c48057ffd0591e2aaa797e,eth,,0xa9059cbb,,3404573,9,0.00%,
0xcb0620b181140e57d1c0d8b724cde623ca963c8c,bsc,,0x573ade81,,66255.24,9,0.00%,
0x1bfce574deff725a3f483c334b790e25c8fa9779,eth,,0x095ea7b3,,209047.8685,9,0.00%,
0xdef171fe48cf0115b1d80b88dc8eab59176fee57,op,,0x46c67b6d,,1358167.136,9,0.00%,
0x8fff93e810a2edaafc326edee51071da9d398e83,bsc,,0x23b872dd,,36466.64,9,0.00%,
0x1761b56d88557130d305498940baf04f60c7ebf7,arb,,0x095ea7b3,,9071.045,9,0.00%,
0x341e94069f53234fe6dabef707ad424830525715,zksync,,0xae0b91e5,,4847.90391,9,0.00%,
0x29469395eaf6f95920e59f858042f0e28d98a20b,eth,,0xbe5898ff,,20951.88,9,0.00%,
0xf19547f9ed24aa66b03c3a552d181ae334fbb8db,arb,,0x095ea7b3,,5610273.38,9,0.00%,
0x50d1c9771902476076ecfc8b2a83ad6b9355a4c9,eth,,0xa9059cbb,,3404573,9,0.00%,
0x648cc6abcf7fe24afb76e6c15cdd9dfb41e9bcdb,arb,,0x3ef009ef,,41248.5275,9,0.00%,
0xe43638797513ef7a6d326a95e8647d86d2f5a099,arb,,0xbb0a6fa5,,202684.238,9,0.00%,
0x168e209d7b2f58f1f24b8ae7b7d35e662bbf11cc,eth,,0x095ea7b3,,264978.8867,9,0.00%,
0xc0c293ce456ff0ed870add98a0828dd4d2903dbf,eth,,0x095ea7b3,,175244.068,9,0.00%,
0x495f947276749ce646f68ac8c248420045cb7b5e,eth,,0xa22cb465,,101842.59,9,0.00%,
0xda761a290e01c69325d12d82ac402e5a73d62e81,base,,0x095ea7b3,,202692.96,9,0.00%,
0x5ed5c72d24ff0931e5a38c2969160dfe259e7c05,arb,,0x4e71d92d,,2935958,9,0.00%,
0x000000000001a36777f9930aaeff623771b13e70,op,,0x4a04a1c9,,709788.9905,9,0.00%,
0x5ff292d70ba9cd9e7ccb313782811b3d7120535f,base,,0xf5567637,,5801597.61,9,0.00%,
0xe47ba52f326806559c1dec7ddd997f6957d0317d,arb,,0x095ea7b3,,557379.4471,9,0.00%,
0x54bdbf3ce36f451ec61493236b8e6213ac87c0f6,arb,,0x095ea7b3,,679212.5683,9,0.00%,
0x86fc6f6c6702cef7d3bae87ef41256715416db71,eth,,0x23b872dd,,2302.46,9,0.00%,
0x1e241521f4767853b376c2fe795a222a07d588ee,eth,,0x095ea7b3,,211216.545,9,0.00%,
0x69833361991ed76f9e8dbbcdf9ea1520febfb4a7,eth,,0x0b4c7e4d,,117207.11,9,0.00%,
0x3d0f8df262c1ae46b4af8381f769f7f2872a0d5d,base,,0xb6b55f25,,116854.0533,9,0.00%,
0x4b6f83bed0aa7278cf01b2a62ec28af3b48ac699,eth,,0x2e17de78,,223317.52,9,0.00%,
0x78d0677032a35c63d142a48a2037048871212a8c,base,,0x555029a6,,48493.06667,9,0.00%,
0xb8fa880840a64c25318989b907ccb58fd7a324df,eth,,0x47e7ef24,,117207.11,9,0.00%,
0x44108f0223a3c3028f5fe7aec7f9bb2e66bef82f,eth,,0x095ea7b3,,151626.119,9,0.00%,
0xc3d74b5f6ba436676c93948d983d7498d1fd0c7b,matic,,0x3183d9ef,,1126.4,9,0.00%,
0xdef171fe48cf0115b1d80b88dc8eab59176fee57,avax,,0xa94e78ef,,693991.6694,9,0.00%,
0xedf439424d707152aaa843520ffcdb41e1745e50,eth,,0x1feed31f,,122688.0944,9,0.00%,
0x9f9c8ec3534c3ce16f928381372bfbfbfb9f4d24,eth,,0x095ea7b3,,207765.973,9,0.00%,
0xb035bf528877c9ee6961a10e07344d4e4732d5f8,eth,,0x2f52ebb7,,146778.24,9,0.00%,
0xd907f9a8bd27d5aa9fba78e64d46801ebefc3469,eth,,0x23b872dd,,2302.46,9,0.00%,
0x000000000000000000000000000000000000800a,zksync,,0x51cff8d9,,112350.0725,9,0.00%,
0x4e352cf164e64adcbad318c3a1e222e9eba4ce42,arb,,0x095ea7b3,,648221.39,9,0.00%,
0xc272b96bccdaf1bf98f2197d355066da3c15982a,eth,,0x095ea7b3,,2621337.99,9,0.00%,
0x8d2de8d2f73f1f4cab472ac9a881c9b123c79627,base,,0xc6878519,,226547.982,9,0.00%,
0x912ce59144191c1204e64559fe8253a0e49e6548,arb,,0x5c19a95c,,41837.05833,9,0.00%,
0xb3999f658c0391d94a37f7ff328f3fec942bcadc,eth,,0xa9059cbb,,3404573,9,0.00%,
0xbf074ca6f39e2cc232dd109a383af76be6754221,arb,,0x1a1355a6,,3918.79,9,0.00%,
0x2118fa9369b9a52fb6bf8cf3fd392643d55a53b4,eth,,0x23b872dd,,2302.46,8,0.00%,
0xa5e38d098b54c00f10e32e51647086232a9a0afd,eth,,0x97ffc7ae,,148666.41,8,0.00%,
0x9913ba363073ca3e9ea0cd296e36b75af9e40bef,avax,,0x095ea7b3,,1362627.95,8,0.00%,
0xf3f04555f8fda510bfc77820fd6eb8446f59e72d,arb,,0x6111ad25,,879708.3686,8,0.00%,
0xd7cabef2c1fd77a31c5ba97c724b82d3e25fc83c,base,,0x67bf252f,,88555.385,8,0.00%,
0x8ea5040d423410f1fdc363379af88e1db5ea1c34,arb,,0x095ea7b3,,10176209.41,8,0.00%,
0x00000000000000adc04c56bf30ac9d3c0aaf14dc,base,,0xf2d12b12,,101580.1943,8,0.00%,
0x1b41d54b3f8de13d58102c50d7431fd6aa1a2c48,eth,,0xa22cb465,,287220.0733,8,0.00%,
0xf386f4d1014efe1e70b9fb71347fb88aeb73ce3c,arb,,0xba78d644,,173537.4815,8,0.00%,
0x3a23f943181408eac424116af7b7790c94cb97a5,arb,,0x00000007,,18318.46571,8,0.00%,
0xf25485901827686bc9012905ccea9843c696eddc,base,,0x5dc8de3c,,111642.8,8,0.00%,
0xf9bb110d875dd129787f87759a5efc7ee76b3d70,eth,,0x0449015a,,3141.945,8,0.00%,
0xc2c862322e9c97d6244a3506655da95f05246fd8,op,,0x760f2a0b,,702979.2694,8,0.00%,
0xbb2caf56bf29379e329dfed453cbe60e4d913882,bsc,,0x1e83409a,,181094.996,8,0.00%,
0x1231deb6f5749ef6ce6943a275a1d3e7486f4eae,base,,0xe40f2460,,86355.08286,8,0.00%,
0xad86d0e9764ba90ddd68747d64bffbd79879a238,bsc,,0x23b872dd,,36466.64,8,0.00%,
0x826180541412d574cf1336d22c0c0a287822678a,eth,,0x095ea7b3,,135014.7067,8,0.00%,
0xdef171fe48cf0115b1d80b88dc8eab59176fee57,eth,,0x3865bde6,,8967943.463,8,0.00%,
0x4ff77748e723f0d7b161f90b4bc505187226ed0d,base,,0x095ea7b3,,39416.06333,8,0.00%,
0xe8b6395d223c9d3d85e162f2cb2023bc9088a908,matic,,0xcef0ff60,,12663.7553,8,0.00%,
0xaefd22d0153e69f3316dca9095e7279b3a2f8af2,arb,,0xe2bbb158,,2935958,8,0.00%,
0x4f311c430540db1d64e635eb55f969f1660b2016,eth,,0xa9059cbb,,3404573,8,0.00%,
0x61dc14b28d4dbcd6cf887e9b72018b9da1ce6ff7,eth,,0x439370b1,,152608.2986,8,0.00%,
0xe203cdc6011879cde80c6a1dcf322489e4786eb3,eth,,0x23b872dd,,2302.46,8,0.00%,
0x26da582889f59eaae9da1f063be0140cd93e6a4f,arb,,0xd29e9f32,,111626.9333,8,0.00%,
0x9d39a5de30e57443bff2a8307a4256c8797a3497,eth,,0x095ea7b3,,2168069.78,8,0.00%,
0x703b52f2b28febcb60e1372858af5b18849fe867,zksync,,0x095ea7b3,,201763.26,8,0.00%,
0x67d128f56ebace1341f17e0bd20e0653034f7ccb,base,,0xc00007b0,,197208.94,8,0.00%,
0xccf2d3535777982790d4a69dbf9fad5de7440069,arb,,0xe859f372,,366.14,8,0.00%,
0x3429d03c6f7521aec737a0bbf2e5ddcef2c3ae31,eth,,0xa9059cbb,,1164358.563,8,0.00%,
0x2f1c1492f6057808c3fd16eef67e0237fbaebf4b,base,,0x2e1a7d4d,,428297.5275,8,0.00%,
0x69460570c93f9de5e2edbc3052bf10125f0ca22d,matic,,0xb17d0e6e,,60250.63529,8,0.00%,
0x1bfd67037b42cf73acf2047067bd4f2c47d9bfd6,matic,,0x095ea7b3,,92667.72667,8,0.00%,
0x8428aad84594b6b78da13e773d902f5c44b93f17,eth,,0x2f52ebb7,,26630.7075,8,0.00%,
0x9ee4ed687d1ae6fc3a7a427add25c6356876af6c,base,,0x095ea7b3,,84032.594,8,0.00%,
0x83fc503345dcde6197b2bd8eaa82ccb4b737be40,base,,0xb6b55f25,,128116.03,8,0.00%,
0xb32c79a25291265ef240eb32e9fabbc6dcee3ce3,arb,,0xf0350382,,69042.59667,8,0.00%,
0x6f19da51d488926c007b9ebaa5968291a2ec6a63,base,,0xf41b2db6,,10179761.2,8,0.00%,
0x1af3f329e8be154074d8769d1ffa4ee058b1dbc3,bsc,,0x095ea7b3,,219107.92,8,0.00%,
0x6daf586b7370b14163171544fca24abcc0862ac5,arb,,0xa9059cbb,,17498.43333,8,0.00%,
0x666c383e4eab3328660a85d1c41ffdce9d85d8ee,base,,0xc00007b0,,15208.81,8,0.00%,
0x17c152fa3bce08bd93dd0b507a0383c5ba8209b8,avax,,0x6522ba2d,,1362627.95,8,0.00%,
0x8fd4af47e4e63d1d2d45582c3286b4bd9bb95dfe,op,,0x69328dec,,197208.94,8,0.00%,
0x767b4a087c11d7581ac95eaffc1febfa26bad3d2,zksync,,0x66514c97,,231005.2267,8,0.00%,
0xf64265e65c4529879a7abf467e00d39e39c0b0da,eth,,0x095ea7b3,,102793.9379,8,0.00%,
0xf8c76dbea329ec4fa987afc514f805b21b249d79,eth,,0xa9059cbb,,3404573,8,0.00%,
0x38e68a37e401f7271568cecaac63c6b1e19130b4,eth,,0x095ea7b3,,84883.85429,8,0.00%,
0x1231deb6f5749ef6ce6943a275a1d3e7486f4eae,arb,,0x8bf6ef99,,127752.0189,8,0.00%,
0x3c3a81e81dc49a522a592e7622a7e711c06bf354,eth,,0x095ea7b3,,388158.2414,8,0.00%,
0xe2dba5bd02536b96683524a6975c9089a6ff5953,base,,0x095ea7b3,,10708.845,8,0.00%,
0xff970a61a04b1ca14834a43f5de4533ebddb5cc8,arb,,0xd505accf,,36466.64,8,0.00%,
0x9becd6b4fb076348a455518aea23d3799361fe95,arb,,0x095ea7b3,,74231.86167,8,0.00%,
0x9f9d043fb77a194b4216784eb5985c471b979d67,zksync,,0xe2bbb158,,28167.96333,8,0.00%,
0xc534bb3640a66faf5eae8699fece511e1c331cad,base,,0xa2290d35,,24251.7675,8,0.00%,
0x6e2a43be0b1d33b726f0ca3b8de60b3482b8b050,eth,,0x095ea7b3,,89039.99143,8,0.00%,
0x341e94069f53234fe6dabef707ad424830525715,zksync,,0x3a3f7332,,13003.08,8,0.00%,
0x76e596394c401a94e02b11f3eee63f3771bf99dd,arb,,0xd06cad42,,0,8,0.00%,
0x49cf6f5d44e70224e2e23fdcdd2c053f30ada28b,eth,,0xa22cb465,,91158.0157,8,0.00%,
0xc6bcbe182b0f85dbff6b49dc81cecee02a16fe57,bsc,,0x0efe6a8b,,4663.8,8,0.00%,
0xaaa2564deb34763e3d05162ed3f5c2658691f499,arb,,0x666256aa,,503331.76,8,0.00%,
0x851b3fb3c3178cd3fbaa0cdaae0175efa15a30f1,arb,,0xae4491da,,306647.1267,8,0.00%,
0xf21ab54111eb5049e42f4794d2724658baa42fc1,eth,,0x21af8ed9,,0,8,0.00%,
0x000000000022d473030f116ddee9f6b43ac78ba3,eth,,0x3ff9dcb1,,62383.864,8,0.00%,
0xc03d38f89b175596859c99eab231d31e1808358c,eth,,0xa9059cbb,,3404573,8,0.00%,
0xd25e558e3b570d82b16f4ab2addf3f3ce68a75df,arb,,0x4e71d92d,,52771.93125,8,0.00%,
0x1231deb6f5749ef6ce6943a275a1d3e7486f4eae,op,,0x8fab0663,,1334306.337,8,0.00%,
0x3b6486154b9dae942c393b1cb3d11e3395b02df8,arb,,0x4cd5520b,,459353.99,8,0.00%,
0xa9b1eb5908cfc3cdf91f9b8b3a74108598009096,eth,,0x23b872dd,,36466.64,8,0.00%,
0x5faa989af96af85384b8a938c2ede4a7378d9875,eth,,0xa9059cbb,,1812775.71,8,0.00%,
0xae56177e405929c95e5d4b04c0c87e428cb6432b,arb,,0x6cc5a6ff,,110695.3067,8,0.00%,
0x6e20e155819f0ee08d1291b0b9889b0e011b8224,op,,0x474cf53d,,197208.94,8,0.00%,
0x0d8775f648430679a709e98d2b0cb6250d2887ef,eth,,0x23b872dd,,36466.64,8,0.00%,
0x57f1887a8bf19b14fc0df6fd9b2acc9af147ea85,eth,,0x42842e0e,,26815.94,8,0.00%,
0x120a3879da835a5af037bb2d1456bebd6b54d4ba,eth,,0x095ea7b3,,448046.019,8,0.00%,
0xff86b561cf16b74d565b658b36dbc8e8f839fdcf,eth,,0x4e71d92d,,60534.7613,8,0.00%,
0x382edfe4c6168858c81893fe00fcb7b68914d929,eth,,0x095ea7b3,,97832.83623,8,0.00%,
0x4cfa50b7ce747e2d61724fcac57f24b748ff2b2a,arb,,0x0264e098,,8641.803142,8,0.00%,
0xa12064e3b1f6102435e77aa68569e79955070357,op,,0x434dcfba,,9835.39375,8,0.00%,
0x0000000000489d89d2b233d3375c045dfd05745f,op,,0xc2288147,,194942.41,8,0.00%,
0x6110d61dd1133b0f845f1025d6678cd22a11a2fe,eth,,0xa22cb465,,5369.8175,8,0.00%,
0x467719ad09025fcc6cf6f8311755809d45a5e5f3,eth,,0x23b872dd,,36466.64,8,0.00%,
0xdcc24121bae131f952b09a08e65b95642f093794,base,,0xb6b55f25,,778364.62,8,0.00%,
0xc22834581ebc8527d974f8a1c97e1bea4ef910bc,base,,0x1688f0b9,,23421.36,8,0.00%,
0x20f780a973856b93f63670377900c1d2a50a77c4,eth,,0x89d56c84,,55147.91,8,0.00%,
0xf939e0a03fb07f59a73314e73794be0e57ac1b4e,eth,,0x095ea7b3,,10672484.3,8,0.00%,
0x9f9d043fb77a194b4216784eb5985c471b979d67,zksync,,0x441a3e70,,28167.96333,8,0.00%,
0x11e590f6092d557bf71baded50d81521674f8275,avax,,0xac9650d8,,5934122.39,8,0.00%,
0x7c68c7866a64fa2160f78eeae12217ffbf871fa8,arb,,0xc41b1ab3,,3956492.723,8,0.00%,
0x0faa25293a36241c214f3760c6ff443e1b731981,ftm,,0xac9650d8,,433606.74,8,0.00%,
0xeba4551052568406f8c490320b94b6478b81930e,base,,0x9dbb844d,,28683.46,8,0.00%,
0xa62f9c5af106feee069f38de51098d9d81b90572,eth,,0xb18f2e91,,109409.906,8,0.00%,
0x2762409baa1804d94d8c0bcff8400b78bf915d5b,bsc,,0x76a9099a,,14948.4075,8,0.00%,
0xf51092fe93b4e9282f42c459f05d93d2d079549e,eth,,0x095ea7b3,,39036.06,8,0.00%,
0x6fc79ddd0379fd11d67dd73056465e822b843d13,eth,,0xd88a0d43,,36374.725,8,0.00%,
0x3e8006cc1c86449e27f41be8938f90f6918f8cf9,eth,,0x1feed31f,,28068.15469,8,0.00%,
0x70c575588b98c1f46b1382c706adaf398a874e3e,matic,,0x97b5b932,,127175.535,8,0.00%,
0xa238dd80c259a72e81d7e4664a9801593f98d1c5,base,,0x573ade81,,87216.22333,8,0.00%,
0x83f20f44975d03b1b09e64809b757c47f942beea,eth,,0x095ea7b3,,7405193.963,8,0.00%,
0x32973908faee0bf825a343000fe412ebe56f802a,eth,,0xa22cb465,,232532.4686,8,0.00%,
0x5df2107a5b5e7b0b19dd7ded7470e8d9792bc434,linea,,0x4e71d92d,,55196.04,8,0.00%,
0x8e16d46cb2da01cdd49601ec73d7b0344969ae33,base,,0x095ea7b3,,94126.81571,8,0.00%,
0x7ff5601b0a434b52345c57a01a28d63f3e892ac0,eth,,0x42842e0e,,58964.79,8,0.00%,
0x2da10a1e27bf85cedd8ffb1abbe97e53391c0295,zksync,,0x94ec6d78,,28790.27714,8,0.00%,
0xb30f17b79c59042444b8dd2c485413762cf464e0,eth,,0x4e71d92d,,146025.124,8,0.00%,
0x0ab87046fbb341d058f17cbc4c1133f25a20a52f,eth,,0x23b872dd,,36466.64,8,0.00%,
0xd42126d46813472f83104811533c03c807e65435,bsc,,0x9b7d30dd,,83414.105,8,0.00%,
0x93e6407554b2f02640ab806cd57bd83e848ec65d,base,,0x095ea7b3,,16867.57,8,0.00%,
0x1c1fb35334290b5ff1bf7b4c09130885b10fc0f4,eth,,0xbad55ca1,,10652133.2,8,0.00%,
0x6e20e155819f0ee08d1291b0b9889b0e011b8224,op,,0x80500d20,,197208.94,8,0.00%,
0x069d89974f4edabde69450f9cf5cf7d8cbd2568d,eth,,0xa9059cbb,,1003361.528,8,0.00%,
0x9e9fbde7c7a83c43913bddc8779158f1368f0413,eth,,0xa9059cbb,,165531.225,8,0.00%,
0x256fb830945141f7927785c06b65dabc3744213c,eth,,0x095ea7b3,,35069.31571,8,0.00%,
0x6d2070b13929df15b13d96cfc509c574168988cd,arb,,0x0572b0cc,,11583606.6,8,0.00%,
0xd56734d7f9979dd94fae3d67c7e928234e71cd4c,arb,,0x81b4e8b4,,23735.96,8,0.00%,
0xe5b68556c12f37fa12f15ae87ea32f15a8c4e7b9,arb,,0xa22cb465,,25879.88,8,0.00%,
0x716f2de8a4de036ffe2b806a2948060a6f1053f5,linea,,0x4e71d92d,,55196.04,8,0.00%,
0xb9fe82ab6e0fbbd2647b9f9ac0d965b77d4a43f9,eth,,0x1d02f109,,80169.92,8,0.00%,
0xb87a436b93ffe9d75c5cfa7bacfff96430b09868,arb,,0xf2ae372f,,1142026.03,8,0.00%,
0x576e2bed8f7b46d34016198911cdf9886f78bea7,eth,,0x095ea7b3,,89454.38515,8,0.00%,
0x1231deb6f5749ef6ce6943a275a1d3e7486f4eae,eth,,0x8bf6ef99,,127752.0189,8,0.00%,
0x9e2ceda38d2202582ec02f337ddf5c3daedb20f3,eth,,0xac9650d8,,1400.25,8,0.00%,
0x1863736c768f232189f95428b5ed9a51b0eccae5,arb,,0x7fd7d062,,140917.75,8,0.00%,
0x083f1b2242fae0ab52b0c521dd489139f0dfecaf,eth,,0x1feed31f,,87032.3975,8,0.00%,
0x4f8746ce8946490464f6c1df99ca8ce34398d8ac,arb,,0xf2e16b3c,,127279.01,8,0.00%,
0x6dd963c510c2d2f09d5eddb48ede45fed063eb36,arb,,0x095ea7b3,,77529.035,8,0.00%,
0x5996cea2c456259d1dd9ae72b3df5192a1cbae01,arb,,0x42842e0e,,2975.986667,8,0.00%,
0x0b3e328455c4059eeb9e3f84b5543f74e24e7e1b,base,,0x095ea7b3,,568499.0043,8,0.00%,
0x7657fe433815a2f51ac0e61a5d3a6a362fb53665,op,,0x837d8cf4,,36466.64,8,0.00%,
0xd97ebdd4a104e8336760c6350930a96a9a659a66,arb,,0xd13aafea,,74030.1675,8,0.00%,
0x9144e18c28338516f0ace99bc88de34aae59be45,eth,,0xd0e30db0,,27207.09333,8,0.00%,
0x8300e8e6b258147972972dbcf87719da7b817a9c,base,,0x095ea7b3,,179160.63,8,0.00%,
0x94544df04228b9ee21745e1444101e16d4a6ed18,linea,,0x1249c58b,,30692.01516,8,0.00%,
0xc873fecbd354f5a56e00e710b90ef4201db2448d,arb,,0xb4822be3,,106475.967,8,0.00%,
0x6051f99cc1d45227106b895f16cb85827f2821e5,arb,,0xfbf37739,,61647.06333,8,0.00%,
0xcf77a3ba9a5ca399b7c97c74d54e5b1beb874e43,base,,0xb7e0d4c0,,6115774.1,8,0.00%,
0x4945970efeec98d393b4b979b9be265a3ae28a8b,arb,,0x095ea7b3,,993079.1433,8,0.00%,
0x0e97c7a0f8b2c9885c8ac9fc6136e829cbc21d42,zksync,,0x095ea7b3,,47190.036,8,0.00%,
0x1824a51c106efc27d35a74efb56d9bf54ddb22d4,arb,,0x095ea7b3,,354509.075,8,0.00%,
0xf4d2888d29d722226fafa5d9b24f9164c092421e,eth,,0x095ea7b3,,179963.732,8,0.00%,
0x0f5d2fb29fb7d3cfee444a200298f468908cc942,eth,,0x095ea7b3,,58964.79,8,0.00%,
0x0332fce92897679e97620a097aa515f5d7cf4034,linea,,0x6a627842,,157074.986,8,0.00%,
0xb2c7f411aa425d3fce42751e576a01b1ff150385,op,,0x434dcfba,,9835.39375,8,0.00%,
0xf21ab54111eb5049e42f4794d2724658baa42fc1,eth,,0xaa28d67d,,0,8,0.00%,
0xcde90558fc317c69580deeaf3efc509428df9080,base,,0x095ea7b3,,104585.3171,8,0.00%,
0x57999936fc9a9ec0751a8d146cce11901be8bed0,matic,,0x095ea7b3,,79450.965,8,0.00%,
0xdbe88dbac39263c47629ebba02b3ef4cf0752a72,eth,,0xd41ddc96,,5151990.33,8,0.00%,
0xd533a949740bb3306d119cc777fa900ba034cd52,eth,,0xa9059cbb,,2256623.43,8,0.00%,
0x0db3a9bfd45890f244580605067b5c33d526de9a,eth,,0xe449f341,,377849.765,8,0.00%,
0x43d7e65b8ff49698d9550a7f315c87e67344fb59,eth,,0xa9059cbb,,3404573,8,0.00%,
0x7edde7e5900633f698eab0dbc97de640fc5dc015,arb,,0x6023eb7f,,11583606.6,8,0.00%,
0x4d224452801aced8b2f0aebe155379bb5d594381,eth,,0x095ea7b3,,188727.518,8,0.00%,
0x89a56ff41a4be1360f780c5abfba8fd7eced2c7a,eth,,0x14d9e096,,116615.0686,8,0.00%,
0xe99ead648fb2893d1cfa4e8fe8b67b35572d2581,arb,,0x1c4b774b,,153319.01,8,0.00%,
0x4f9dc2229f2357b27c22db56cb39582c854ad6d5,base,,0x095ea7b3,,398711.4933,8,0.00%,
0x1111111254eeb25477b68fb85ed929f73a960582,arb,,0x2d9a56f6,,1573020.64,8,0.00%,
0x88f89be3e9b1dc1c5f208696fb9cabfcc684bd5f,avax,,0x095ea7b3,,3399.84,8,0.00%,
0x1b8d516e2146d7a32aca0fcbf9482db85fd42c3a,arb,,0x095ea7b3,,133972.5967,8,0.00%,
0x80e38291e06339d10aab483c65695d004dbd5c69,linea,,0xe84d494b,,39910.3063,8,0.00%,
0xc059a531b4234d05e9ef4ac51028f7e6156e2cce,eth,,0xd6b8f500,,119457.3629,8,0.00%,
0x8207c1ffc5b6804f6024322ccf34f29c3541ae26,eth,,0xa9059cbb,,3404573,8,0.00%,
0x420fca0121dc28039145009570975747295f2329,avax,,0xa9059cbb,,18343.88667,8,0.00%,
0xb5ce127420788f5ebb9255626235ee2c4f4aa832,eth,,0x23b872dd,,2302.46,8,0.00%,
0x88df592f8eb5d7bd38bfef7deb0fbc02cf3778a0,eth,,0xa9059cbb,,3404573,8,0.00%,
0x00000000009726632680fb29d3f7a9734e3010e2,base,,0x3c2b9a7d,,12333.7,8,0.00%,
0x0c73f1cfd5c9dfc150c8707aa47acbd14f0be108,eth,,0xa694fc3a,,10218055.79,8,0.00%,
0x323665443cef804a3b5206103304bd4872ea4253,avax,,0x07abceb7,,17170.72,8,0.00%,
0xb4315e873dbcf96ffd0acd8ea43f689d8c20fb30,avax,,0x4b801870,,67085.00167,8,0.00%,
0x961c8c0b1aad0c0b10a51fef6a867e3091bcef17,eth,,0xa9059cbb,,3404573,8,0.00%,
0x8087039152c472fa74f47398628ff002994056ea,base,,0x23bc2078,,1635356.117,8,0.00%,
0x0e3efd5be54cc0f4c64e0d186b0af4b7f2a0e95f,eth,,0x9e2c8a5b,,67197.4813,8,0.00%,
0xce16f69375520ab01377ce7b88f5ba8c48f8d666,ftm,,0x846a1bc6,,112449.6894,8,0.00%,
0xf332b8364e744f8a31d9b2a279796b853ed2ffed,eth,,0x23b872dd,,2302.46,8,0.00%,
0x5e93c07a22111b327ee0eaec64028064448ae848,arb,,0xf19ed6be,,66093.48333,8,0.00%,
0xfaf8fd17d9840595845582fcb047df13f006787d,op,,0xb2383e55,,2935958,8,0.00%,
0xba61f25dd9f2d5f02d01b1c2c1c5f0b14c4b48a3,eth,,0x58a997f6,,103361.678,8,0.00%,
0x858646372cc42e1a627fce94aa7a7033e7cf075a,eth,,0xe7a050aa,,4694998.399,8,0.00%,
0xc6a2db661d5a5690172d8eb0a7dea2d3008665a3,base,,0xac9650d8,,5890407.76,8,0.00%,
0x940181a94a35a4569e4529a3cdfb74e38fd98631,base,,0xa9059cbb,,284844.682,8,0.00%,
0x6e20e155819f0ee08d1291b0b9889b0e011b8224,op,,0x02c5fcf8,,197208.94,8,0.00%,
0xa195608c2306a26f727d5199d5a382a4508308da,matic,,0xb19dcc33,,63805.89778,8,0.00%,
0x3a3724d40fc109a7e8c5d23f4403a83a61f62190,bsc,,0x79b4ea9b,,57990.335,8,0.00%,
0xd7cabef2c1fd77a31c5ba97c724b82d3e25fc83c,base,,0x6aee7c1e,,12506.73,8,0.00%,
0x102442a3ba1e441043154bc0b8a2e2fb5e0f94a7,arb,,0x69328dec,,197208.94,8,0.00%,
0x551a0e3d267bea87048f08cc94cc6035ad99221b,base,,0x9c421449,,3226312.76,8,0.00%,
0x6bb7a17acc227fd1f6781d1eedeae01b42047ee0,arb,,0x095ea7b3,,101646.0325,8,0.00%,
0xca24cf44c863f7709b7ea0c08ff88b994063684b,arb,,0xc46dab12,,46924.044,8,0.00%,
0xa6e3d8b20a5dc12c986af63e496b8d585117abbd,eth,,0x95a2251f,,2935958,8,0.00%,
0x2c4e333686bf25af39574e048747d22112e41a4c,matic,,0x0020311b,,76676.61,8,0.00%,
0x0d8ce2a99bb6e3b7db580ed848240e4a0f9ae153,bsc,,0x095ea7b3,,130626.0367,8,0.00%,
0x12787526c03d626aac88e6edc4d0fb930d86c631,eth,,0xa22cb465,,28945.844,8,0.00%,
0xdefa4e8a7bcba345f687a2f1456f5edd9ce97202,eth,,0xa9059cbb,,3404573,8,0.00%,
0x7988434e1469d35fa5f442e649de45d47c3df23c,op,,0x434dcfba,,5154323.648,8,0.00%,
0x3a23f943181408eac424116af7b7790c94cb97a5,avax,,0x00000182,,279847.6709,8,0.00%,
0x9247edf18518c4dccfa7f8b2345a1e8a4738204f,op,,0x3a1b1d57,,9835.39375,8,0.00%,
0x1f0efa15e9cb7ea9596257da63fecc36ba469b30,eth,,0x095ea7b3,,53950.52963,8,0.00%,
0xa47026b694a98f12b39438dac2ca6d8b08729565,op,,0x2ae1c67e,,0,8,0.00%,
0xc9155e8102e2c080ee8363f00762bdfeedc9e7f1,arb,,0x20f2e79d,,0,8,0.00%,
0x1a2eb478fa07125c9935a77b3c03a82470801e30,eth,,0x095ea7b3,,192358.8,8,0.00%,
0x50b6ebc2103bfec165949cc946d739d5650d7ae4,base,,0xed995307,,31245.65,8,0.00%,
0x0000000000c26fabfe894d13233d5ec73f61cc72,eth,,0xa22cb465,,107217.1967,8,0.00%,
0x1e0a966e2d6d22e0149a5d6989dd12674242df67,arb,,0x1cff79cd,,159.36,8,0.00%,
0x1231deb6f5749ef6ce6943a275a1d3e7486f4eae,matic,,0xbe1eace7,,275501.4659,8,0.00%,
0xb4315e873dbcf96ffd0acd8ea43f689d8c20fb30,avax,,0x81c2fdfb,,91086.052,8,0.00%,
0x6047c102c28fd97ebf6314332b04722b1c47fcc0,arb,,0xaea25032,,3918.79,8,0.00%,
0xef300fb4243a0ff3b90c8ccfa1264d78182adaa4,arb,,0xf452ed4d,,12361.514,8,0.00%,
0xeab1ff15f26da850315b15afebf12f0d42de5421,base,,0x94bf804d,,31934.73,8,0.00%,
0xab9b68c9e53c94d7c0949fb909e80e4a29f9134a,base,,0x7715ee75,,545522.25,8,0.00%,
0x3a23f943181408eac424116af7b7790c94cb97a5,base,,0x00000194,,34113.58733,8,0.00%,
0x66217ebf82de81b8b536d5fbeb060f4f3aa8c8d2,linea,,0x347c91aa,,8873.1,8,0.00%,
0xb284f375cfe9bf68a5304a3a9a279e9e044fb7c1,eth,,0xa22cb465,,92672.758,8,0.00%,
0x000000007a58f5f58e697e51ab0357bc9e260a04,eth,,0x095ea7b3,,206059.6529,8,0.00%,
0xd29aa7bdd3cbb32557973dad995a3219d307721f,zksync,,0xfefe409d,,3818912.83,8,0.00%,
0x1495bc9e44af1f8bcb62278d2bec4540cf0c05ea,eth,,0xa9059cbb,,1704729.93,8,0.00%,
0x23859b51117dbfbcdef5b757028b18d7759a4460,eth,,0xecf96e8b,,22743.585,8,0.00%,
0x3aada3e213abf8529606924d8d1c55cbdc70bf74,eth,,0x095ea7b3,,208105.218,8,0.00%,
0x777dfb70eb952a081d0d11ff828715f79572cfe4,arb,,0x5ca89c8e,,2030317.13,8,0.00%,
0x6d80113e533a2c0fe82eabd35f1875dcea89ea97,matic,,0x23b872dd,,36466.64,8,0.00%,
0x8ed97a637a790be1feff5e888d43629dc05408f6,eth,,0x095ea7b3,,90424.436,8,0.00%,
0xe43638797513ef7a6d326a95e8647d86d2f5a099,arb,,0x8fb8b6c7,,81313.178,8,0.00%,
0x4e78011ce80ee02d2c3e649fb657e45898257815,matic,,0x095ea7b3,,597900.0717,8,0.00%,
0x00000000000000adc04c56bf30ac9d3c0aaf14dc,matic,,0x87201b41,,583783.499,8,0.00%,
0x9ce3447b58d58e8602b7306316a5ff011b92d189,arb,,0x4cd480bd,,126586.0514,8,0.00%,
0x55d26d7e20bfb42948a05d6d9a69af8fd5400fa0,arb,,0xa22cb465,,335799.3686,8,0.00%,
0x1bbea2cc3b2c41774687fd00684ad12f9a666557,base,,0x9dbb844d,,28024.11,8,0.00%,
0x18381c0f738146fb694de18d1106bde2be040fa4,zksync,,0x2195995c,,36309.76667,8,0.00%,
0xe53afa646d48e9ef68fcd559f2a598880a3f1370,ftm,,0x095ea7b3,,500101.295,7,0.00%,
0x076431ef59ff83495935879ad2244a3ea4812b02,base,,0x095ea7b3,,124810.588,7,0.00%,
0xafa5f9313f1f2b599173f24807a882f498be118c,op,,0x51905636,,22621.1,7,0.00%,
0xfdaa3fa1b956ee131db1a5ece054832298d9d378,base,,0x095ea7b3,,215785.2833,7,0.00%,
0xcd7df361aa1debe7331a76fffd7f457de22400d1,arb,,0x07e96a95,,35655.25,7,0.00%,
0xb6f6d86a8f9879a9c87f643768d9efc38c1da6e7,bsc,,0xc6878519,,171738.9885,7,0.00%,
0x1231deb6f5749ef6ce6943a275a1d3e7486f4eae,matic,,0xed178619,,97225.31118,7,0.00%,
0x8419f704cd6520e2c3ef477ef9bfa3159ea1aca7,eth,,0x47153f82,,47611.1489,7,0.00%,
0x0a84edf70f30325151631ce7a61307d1f4d619a3,arb,,0x095ea7b3,,131841.082,7,0.00%,
0x6100dd79fcaa88420750dcee3f735d168abcb771,eth,,0x095ea7b3,,188440.6553,7,0.00%,
0x7d1afa7b718fb893db30a3abc0cfc608aacfebb0,eth,,0x23b872dd,,36466.64,7,0.00%,
0x1b02da8cb0d097eb8d57a175b88c7d8b47997506,arb,,0x18cbafe5,,46411.47,7,0.00%,
0xaffe966b27ba3e4ebb8a0ec124c7b7019cc762f8,eth,,0x9abbdf4b,,20972889.6,7,0.00%,
0xbb0a794521aea46befbd6aacd330c01ab0e3b148,eth,,0x02327c0a,,56294.902,7,0.00%,
0x66ce4ea75180a674017ca802d0af380691b39b0d,arb,,0xa07610ea,,4939498.85,7,0.00%,
0x470c8950c0c3aa4b09654bc73b004615119a44b5,eth,,0x095ea7b3,,21368.555,7,0.00%,
0xf3f04555f8fda510bfc77820fd6eb8446f59e72d,eth,,0x6111ad25,,879708.3686,7,0.00%,
0x397ba024301a1295f001a386ed5c32883e106d3f,ftm,,0xb8cca34e,,3226312.76,7,0.00%,
0xb44adddbf9b19bcdd12f978df8b36723488b9b8b,eth,,0x42842e0e,,28570.97333,7,0.00%,
0xdecc0c09c3b5f6e92ef4184125d5648a66e35298,op,,0x095ea7b3,,72436.675,7,0.00%,
0xa9f52545c16efc3050f5ec65c7929fcbbd16a295,base,,0x095ea7b3,,202736.51,7,0.00%,
0xc9ea7a2337f27935cd3ccfb2f725b0428e731fbf,ftm,,0x7ac09bf7,,834321.5,7,0.00%,
0x8419f704cd6520e2c3ef477ef9bfa3159ea1aca7,matic,,0x47153f82,,47611.1489,7,0.00%,
0xd4ae6eca985340dd434d38f470accce4dc78d109,bsc,,0xf41766d8,,165881.09,7,0.00%,
0x3a23f943181408eac424116af7b7790c94cb97a5,base,,0x0000018b,,283838.3892,7,0.00%,
0x83b16258221bfa260ca4f1ef31567241242fec7a,base,,0x9dbb844d,,27268.755,7,0.00%,
0xd7f1dd5d49206349cae8b585fcb0ce3d96f1696f,op,,0x83d13e01,,12163.14396,7,0.00%,
0xaccba5e852ab85e5e3a84bc8e36795bd8cec5c73,matic,,0x7715ee75,,184105.014,7,0.00%,
0x1231deb6f5749ef6ce6943a275a1d3e7486f4eae,avax,,0xbab657d8,,1295374.71,7,0.00%,
0xbdd8a1ef48415da84f255d2f11ab29221d4df58a,eth,,0x095ea7b3,,249449.093,7,0.00%,
0xc38464250f51123078bbd7ea574e185f6623d037,op,,0x095ea7b3,,1484771.87,7,0.00%,
0xbe56ab825fd35678a32dc35bc4eb17e238e1404f,eth,,0x095ea7b3,,142697.76,7,0.00%,
0x7dfb5e7808b5eb4fb8b9e7169537575f6ff1a218,matic,,0x1249c58b,,16879.544,7,0.00%,
0x3c4fa639c8d7e65c603145adad8bd12f2358312f,bsc,,0x4cd480bd,,46460.67657,7,0.00%,
0x7ad4c1647aa947d1c05425a8d4d155ef811a5f9e,eth,,0x497de662,,622335.3586,7,0.00%,
0xd07180c423f9b8cf84012aa28cc174f3c433ee29,zksync,,0x811a23e0,,48780.57489,7,0.00%,
0xcb0620b181140e57d1c0d8b724cde623ca963c8c,bsc,,0xa415bcad,,53318.0375,7,0.00%,
0x8b791913eb07c32779a16750e3868aa8495f5964,zksync,,0xe43b4ee2,,24810.794,7,0.00%,
0x6131b5fae19ea4f9d964eac0408e4408b66337b5,op,,0x8af033fb,,621894.4326,7,0.00%,
0xe1c9af2ce552a475b585491e1c7e80cf48381b2b,ftm,,0x2b85ba38,,36466.64,7,0.00%,
0xb248a295732e0225acd3337607cc01068e3b9c10,bsc,,0x23b872dd,,36466.64,7,0.00%,
0x08a1c30bbb26425c1031ee9e43fa0b9960742539,eth,,0x095ea7b3,,228726.1383,7,0.00%,
0xfe20c1b85aba875ea8cecac8200bf86971968f3a,base,,0x095ea7b3,,35395.6882,7,0.00%,
0x9724d0c5d755d11db9ea27436469315f87b35d43,base,,0x9dbb844d,,11847.865,7,0.00%,
0xa979f47480b4b598bf6a8bfa73ac0b6aeccba505,ftm,,0x1d263f67,,3226312.76,7,0.00%,
0xcd8a035ef1f0beca6939778b899253cf51797ffe,eth,,0x2f52ebb7,,78260.67571,7,0.00%,
0x74eee699c1bbe2411481e7c52116e8ffe7655830,eth,,0xa694fc3a,,254102.5983,7,0.00%,
0x66dcf8c0a45b3c56a709de5621adb77e49198833,arb,,0x43d7b495,,100090.1971,7,0.00%,
0xaad094f6a75a14417d39f04e690fc216f080a41a,linea,,0x095ea7b3,,25749.3225,7,0.00%,
0x280df118566625cb6678c036d0f9027069b73f46,base,,0x095ea7b3,,127147.035,7,0.00%,
0x3a23f943181408eac424116af7b7790c94cb97a5,eth,,0x0000018e,,156548.2275,7,0.00%,
0xcc5382fe1ecadbf18629c87b9c89a27b438889d4,arb,,0xc2b79e98,,184550.7971,7,0.00%,
0xce048492076b0130821866f6d05a0b621b1715c8,linea,,0x07432196,,108371.4871,7,0.00%,
0x6051f99cc1d45227106b895f16cb85827f2821e5,arb,,0x3bc1f1ed,,23398.39,7,0.00%,
0x8ae125e8653821e851f12a49f7765db9a9ce7384,op,,0x095ea7b3,,112732.68,7,0.00%,
0x97e6ff909f30d034f1dc9721e2939cea57116d95,base,,0x095ea7b3,,11583606.6,7,0.00%,
0x7777777f279eba3d3ad8f4e708545291a6fdba8b,base,,0xf3fef3a3,,32126.98667,7,0.00%,
0x6b175474e89094c44da98b954eedeac495271d0f,eth,,0x23b872dd,,36466.64,7,0.00%,
0x8d4eb3f56d35109e31872876fb137af3bc0a1088,eth,,0x095ea7b3,,79908.0969,7,0.00%,
0x1231deb6f5749ef6ce6943a275a1d3e7486f4eae,bsc,,0x8dc9932d,,234605.8924,7,0.00%,
0x93ee713ed861de9685e70fb1e1cfc47a8c839c0d,base,,0xd1058e59,,3023.58,7,0.00%,
0xe0dcb3e02798d1c6a9650fe1381015ec34705153,eth,,0x095ea7b3,,109713.64,7,0.00%,
0xb87a436b93ffe9d75c5cfa7bacfff96430b09868,arb,,0x7be7d141,,1142026.03,7,0.00%,
0x3ee6107d9c93955acbb3f39871d32b02f82b78ab,op,,0x2e1a7d4d,,4205045.67,7,0.00%,
0x8d164e0c662c9e199baac9e97b6a8664c75700ea,arb,,0x095ea7b3,,94861.065,7,0.00%,
0xc8ccbd97b96834b976c995a67bf46e5754e2c48e,arb,,0x095ea7b3,,62853.878,7,0.00%,
0x16613524e02ad97edfef371bc883f2f5d6c480a5,base,,0x370fb5fa,,12506.73,7,0.00%,
0xf21ab54111eb5049e42f4794d2724658baa42fc1,eth,,0xfd7cbad6,,0,7,0.00%,
0x16d104009964e694761c0bf09d7be49b7e3c26fd,eth,,0x8adc2cfd,,30362172.7,7,0.00%,
0x6c9ab1c1dc392b53f9fb2ea6d9dace5f99efdc48,arb,,0x82cee55c,,2030317.13,7,0.00%,
0x6e20e155819f0ee08d1291b0b9889b0e011b8224,op,,0x66514c97,,197208.94,7,0.00%,
0xaae0c3856e665ff9b3e2872b6d75939d810b7e40,arb,,0x095ea7b3,,473527.09,7,0.00%,
0x57f1887a8bf19b14fc0df6fd9b2acc9af147ea85,eth,,0x28ed4f6c,,32913.95143,7,0.00%,
0xa748d6573aca135af68f2635be60cb80278bd855,matic,,0xb80c2f09,,6306.074,7,0.00%,
0x9b5def958d0f3b6955cbea4d5b7809b2fb26b059,zksync,,0xad271fa3,,206333.383,7,0.00%,
0xacfe4c6996c37a752b2b171917c30b7037ce8ee3,bsc,,0xfa021524,,53637.592,7,0.00%,
0x00000000000000adc04c56bf30ac9d3c0aaf14dc,matic,,0xe7acab24,,64221.71435,7,0.00%,
0xc6dac3a53d5d6de9d1d05aa6e28b8e9e41722601,zksync,,0xef171686,,149339.8029,7,0.00%,
0xccd05a0fcfc1380e9da27862adb2198e58e0d66f,arb,,0x095ea7b3,,7274.293333,7,0.00%,
0x60cfc0c47767569865d979b4f2ff804aaf46083b,bsc,,0xadc9772e,,1969286.31,7,0.00%,
0xecd4bd3121f9fd604ffac631bf6d41ec12f1fafb,arb,,0x02c5fcf8,,1711760.85,7,0.00%,
0xcafcd85d8ca7ad1e1c6f82f651fa15e33aefd07b,arb,,0x095ea7b3,,9545.405,7,0.00%,
0x72c590349535ad52e6953744cb2a36b409542719,eth,,0x5f548614,,10236743.1,7,0.00%,
0x7a250d5630b4cf539739df2c5dacb4c659f2488d,eth,,0x18cbafe5,,22594.85,7,0.00%,
0x1231deb6f5749ef6ce6943a275a1d3e7486f4eae,op,,0x55c99cd8,,71456.298,7,0.00%,
0xb3e3dfcb2d9f3dde16d78b9e6eb3538eb32b5ae1,bsc,,0xa8809485,,5993.953333,7,0.00%,
0x0e22b5f3e11944578b37ed04f5312dfc246f443c,base,,0x35408eea,,197795.8367,7,0.00%,
0x000000000022d473030f116ddee9f6b43ac78ba3,arb,,0x2a2d80d1,,36466.64,7,0.00%,
0x10b9befe0b829f2562d3875eb0fabadc5d37b885,zksync,,0x94bf804d,,24441.95857,7,0.00%,
0x244c238325fc1bdf6eded726ee1b47d55895d944,zksync,,0x095ea7b3,,37651.11333,7,0.00%,
0xe09c8a88982a85c5b76b1756ec6172d4ad2549d6,eth,,0x1e83409a,,237877.08,7,0.00%,
0xc18360217d8f7ab5e7c516566761ea12ce7f9d72,eth,,0xd505accf,,36466.64,7,0.00%,
0x42c759a719c228050901299b88fd316c3a050617,linea,,0x4c674c2d,,27948.495,7,0.00%,
0x46a15b0b27311cedf172ab29e4f4766fbe7f4364,base,,0x42842e0e,,371365.595,7,0.00%,
0xde5ed76e7c05ec5e4572cfc88d1acea165109e44,bsc,,0x095ea7b3,,989543.153,7,0.00%,
0x6541dc28acb78e1b024f5ffe1c840bc3e6fcf36a,base,,0x9dbb844d,,39588.07857,7,0.00%,
0xac3e018457b222d93114458476f3e3416abbe38f,eth,,0x095ea7b3,,13983671.16,7,0.00%,
0xf39acf265ed73d8eb9359ce068a20036caf3cec8,base,,0x3d18b912,,5857749.43,7,0.00%,
0x8dce83eca4af45dbe618da1779f9aaca43201084,eth,,0x095ea7b3,,75428.01286,7,0.00%,
0x3a23f943181408eac424116af7b7790c94cb97a5,eth,,0x00000014,,288820.4771,7,0.00%,
0x5f32abeebd3c2fac1e7459a27e1ae9f1c16cccca,matic,,0x095ea7b3,,42310.66,7,0.00%,
0xb36cf340a35f9860d0bb59afb0355580f0000dad,eth,,0x095ea7b3,,52682.455,7,0.00%,
0xfbbf371c9b0b994eebfcc977cef603f7f31c070d,bsc,,0xa183af52,,2935958,7,0.00%,
0xcd5fe23c85820f7b72d0926fc9b05b43e359b7ee,eth,,0xa9059cbb,,5810036.61,7,0.00%,
0x43e8809ea748eff3204ee01f08872f063e44065f,linea,,0x095ea7b3,,7611789.63,7,0.00%,
0x74241e1a9c021643289476426b9b70229ab40d53,eth,,0x371fd8e6,,35733.87333,7,0.00%,
0x398baa6ffc99126671ab6be565856105a6118a40,avax,,0xafde1b3c,,69838.63,7,0.00%,
0x0cefc093a5b3964f3230d7de8dc07e3b531c48fc,eth,,0xa22cb465,,377849.765,7,0.00%,
0x3269a3c00ab86c753856fd135d97b87facb0d848,arb,,0x095ea7b3,,53109.5887,7,0.00%,
0xef97c7394f71851880a7868d21df3a9df24fafc7,arb,,0x4e71d92d,,6103648.346,7,0.00%,
0x89b2249d7fbb30765d94c163929cd04b5afa77e3,eth,,0xa22cb465,,292464.528,7,0.00%,
0xc4729e56b831d74bbc18797e0e17a295fa77488c,avax,,0xfe38c5e6,,12680.71667,7,0.00%,
0xfa68fb4628dff1028cfec22b4162fccd0d45efb6,matic,,0x095ea7b3,,51338.8,7,0.00%,
0x93ee713ed861de9685e70fb1e1cfc47a8c839c0d,base,,0xf19ed6be,,8684.285,7,0.00%,
0x73d7c860998ca3c01ce8c808f5577d94d545d1b4,eth,,0xa9059cbb,,3404573,7,0.00%,
0xd9ea93a38d1771c870128f9134d4622d331c04c8,base,,0x095ea7b3,,178219.766,7,0.00%,
0xbf94ed69281709958c8f60bc15cd1bb6badcd4a4,linea,,0xf2cac920,,1380.936667,7,0.00%,
0x32aed3bce901da12ca8489788f3a99fce1056e14,base,,0xac9650d8,,8378.593333,7,0.00%,
0x7573933eb12fa15d5557b74fdaff845b3baf0ba2,matic,,0x0ce90ec2,,293.02,7,0.00%,
0x77b6f45a3dcf0493f1b9ac9874e5982ab526aa9e,arb,,0xac9650d8,,54205.395,7,0.00%,
0x6110d61dd1133b0f845f1025d6678cd22a11a2fe,eth,,0x6a41a61b,,469368.395,7,0.00%,
0xa195608c2306a26f727d5199d5a382a4508308da,arb,,0x67d70a29,,14185.31,7,0.00%,
0x046eee2cc3188071c02bfc1745a6b17c656e3f3d,eth,,0xa9059cbb,,72638.478,7,0.00%,
0x5926b1979f6603f8675a15392417835133f1697c,avax,,0x6075eb7d,,1362627.95,7,0.00%,
0xdc7fa98ea7ac176515fa6dbc9f9491188fe8dd04,arb,,0xf12aa09a,,198954.18,7,0.00%,
0x3d0f8df262c1ae46b4af8381f769f7f2872a0d5d,base,,0x2e1a7d4d,,116854.0533,7,0.00%,
0xa449b4f43d9a33fcdcf397b9cc7aa909012709fd,base,,0xa22cb465,,14123.805,7,0.00%,
0x55499012ef1e05952a54c6ba642e3148afd43ff2,eth,,0x3b439351,,89880.19,7,0.00%,
0x240d5645bffaf6f8bc3586e459a4155f270bcb3b,zksync,,0xd361fe26,,16036.32167,7,0.00%,
0x00005ea00ac477b1030ce78506496e8c2de24bf5,eth,,0x161ac21f,,47973.00286,7,0.00%,
0x4a537f61ef574153664c0dbc8c8f4b900cacbe5d,eth,,0xa22cb465,,299730.744,7,0.00%,
0x6ff2241756549b5816a177659e766eaf14b34429,eth,,0x23b872dd,,36466.64,7,0.00%,
0x6c9ab1c1dc392b53f9fb2ea6d9dace5f99efdc48,arb,,0x9c421449,,2030317.13,7,0.00%,
0x408e41876cccdc0f92210600ef50372656052a38,eth,,0xa9059cbb,,3404573,7,0.00%,
0x111111125421ca6dc452d289314280a0f8842a65,arb,,0xc3cf8043,,66829.05167,7,0.00%,
0x982239d38af50b0168da33346d85fb12929c4c07,arb,,0x095ea7b3,,309061.2775,7,0.00%,
0x7ff5601b0a434b52345c57a01a28d63f3e892ac0,eth,,0xa22cb465,,121618.522,7,0.00%,
0x605cce502dee6bd201b493782e351e645d44abbb,op,,0x095ea7b3,,6208964.04,7,0.00%,
0xaa7b1a92384d5acc9afcc3edc2d5bb3f970dc0b3,base,,0x9dbb844d,,244467.36,7,0.00%,
0xedd118e091eee0e7fa9eeb9b4db717518f56cb15,op,,0x06e75722,,18896.46,7,0.00%,
0x000000000000b03943bc5083d5516fea9f20fb71,base,,0xfb36c296,,11897.895,7,0.00%,
0x5d81ce189bf5267e70fb555916ffbc3d4c7b2245,eth,,0x8d21e95d,,30192.8653,7,0.00%,
0xfbbf371c9b0b994eebfcc977cef603f7f31c070d,bsc,,0xa4d855df,,193429.755,7,0.00%,
0xf091867ec603a6628ed83d274e835539d82e9cc8,eth,,0x095ea7b3,,602728.4,7,0.00%,
0x44e81c89cd3ccdc630908979b61837fda2b94b37,bsc,,0x4e71d92d,,13766.56143,7,0.00%,
0x39053d51b77dc0d36036fc1fcc8cb819df8ef37a,eth,,0xeea9064b,,4532087.683,7,0.00%,
0xf4b1486dd74d07706052a33d31d7c0aafd0659e1,arb,,0xa415bcad,,188754.99,7,0.00%,
0x296f55f8fb28e498b858d0bcda06d955b2cb3f97,op,,0x095ea7b3,,183514.935,7,0.00%,
0xd397883c12b71ea39e0d9f6755030205f31a1c96,eth,,0xebf57edf,,43860.55,7,0.00%,
0x7edde7e5900633f698eab0dbc97de640fc5dc015,arb,,0x2aabff15,,5839755.32,7,0.00%,
0x00000000000000adc04c56bf30ac9d3c0aaf14dc,op,,0xf2d12b12,,101580.1943,7,0.00%,
0xba5b9b2d2d06a9021eb3190ea5fb0e02160839a4,base,,0x095ea7b3,,57454.98143,7,0.00%,
0xb6f6d86a8f9879a9c87f643768d9efc38c1da6e7,bsc,,0x0f5287b0,,2073345.34,7,0.00%,
0xca24cf44c863f7709b7ea0c08ff88b994063684b,arb,,0xa8f3b7b0,,55242.1475,7,0.00%,
0x6352a56caadc4f1e25cd6c75970fa768a3304e64,arb,,0x6b58f2f0,,25935.2763,7,0.00%,
0x663dc15d3c1ac63ff12e45ab68fea3f0a883c251,matic,,0x4d8160ba,,55281.48518,7,0.00%,
0xeeee2a2e650697d2a8e8bc990c2f3d04203be06f,eth,,0x095ea7b3,,65068.49123,7,0.00%,
0xb7bfcca7d7ff0f371867b770856fac184b185878,eth,,0xc6cb0602,,96641.17,7,0.00%,
0x0f3284bfebc5f55b849c8cf792d39cc0f729e0bc,matic,,0xf4c88937,,44648.41,7,0.00%,
0x63c531ffed7e17f8adca4ed490837838f6fa1b66,arb,,0x095ea7b3,,148228.393,7,0.00%,
0xdef171fe48cf0115b1d80b88dc8eab59176fee57,ftm,,0x46c67b6d,,1358167.136,7,0.00%,
0xe43ca1dee3f0fc1e2df73a0745674545f11a59f5,eth,,0x2646478b,,375616.833,7,0.00%,
0x42069babe14fb1802c5cb0f50bb9d2ad6fef55e2,base,,0x095ea7b3,,145235.674,7,0.00%,
0x34f969e2c9d7f8bf1e537889949390d4a756270a,arb,,0x3d18b912,,126393.98,7,0.00%,
0x2f2a2543b76a4166549f7aab2e75bef0aefc5b0f,arb,,0xa9059cbb,,2914075.96,7,0.00%,
0x8f5f1d63599362115e7f9fe71bfd5ab883d82c82,base,,0x095ea7b3,,90022.455,7,0.00%,
0xadd353fb2e2c563383ff3272a500f3e7134dafe4,eth,,0x095ea7b3,,25300.166,7,0.00%,
0x6ca29eed22f04c1ec6126c59922844811dcbcdfa,op,,0x434dcfba,,82857.81286,7,0.00%,
0x4cf76043b3f97ba06917cbd90f9e3a2aac1b306e,base,,0x7ff36ab5,,22800.04,7,0.00%,
0xb131f4a55907b10d1f0a50d8ab8fa09ec342cd74,eth,,0x095ea7b3,,159124.9086,7,0.00%,
0x60b8c145235a31f1949a831803768bf37d7ab7aa,arb,,0xb666e032,,64367.46333,7,0.00%,
0x2e3d870790dc77a83dd1d18184acc7439a53f475,op,,0x095ea7b3,,764221.924,7,0.00%,
0xcc42724c6683b7e57334c4e856f4c9965ed682bd,bsc,,0x095ea7b3,,165881.09,7,0.00%,
0x777034fef3ccbed74536ea1002faec9620deae0a,eth,,0xfecdad60,,3226312.76,7,0.00%,
0xbe9895146f7af43049ca1c1ae358b0541ea49704,eth,,0x095ea7b3,,111822.5233,7,0.00%,
0x80e79722f75e08d4d3ec5d138c03d9a59465b975,op,,0xc00007b0,,444698.76,7,0.00%,
0xafa5f9313f1f2b599173f24807a882f498be118c,op,,0x1249c58b,,22621.1,7,0.00%,
0x6d6ba21e4c4b29ca7bfa1c344ba1e35b8dae7205,bsc,,0x23b872dd,,36466.64,7,0.00%,
0x6f60788d4e852f9bd193da479a97e2839f0fbcec,zksync,,0xdb81f99b,,49288.84333,7,0.00%,
0xf7de7e8a6bd59ed41a4b5fe50278b3b7f31384df,bsc,,0x095ea7b3,,154547.976,7,0.00%,
0x66217ebf82de81b8b536d5fbeb060f4f3aa8c8d2,linea,,0xa915e53b,,8873.1,7,0.00%,
0x109cc0f2640457b2a483c2eef189827750a676bb,base,,0xc00007b0,,5890407.76,7,0.00%,
0xfd1b0b0dfa524e1fd42e7d51155a663c581bbd50,eth,,0x42842e0e,,36466.64,7,0.00%,
0x6e5970dbd6fc7eb1f29c6d2edf2bc4c36124c0c1,eth,,0x23b872dd,,36466.64,7,0.00%,
0xa47d4bd8269e57148428fb522d3f93e85e66cccf,matic,,0x6f99b290,,18815.795,7,0.00%,
0xf467c7d5a4a9c4687ffc7986ac6ad5a4c81e1404,op,,0x095ea7b3,,6670104.11,7,0.00%,
0x4b04200d78c0409b5bbb17058792203fa5fd844c,zksync,,0x1bb64f61,,113319.9986,7,0.00%,
0x1c67d8f07d7ef2d637e61ed3fbc3fa9aaf7a6267,eth,,0xa22cb465,,33437.53333,7,0.00%,
0x7043e4e1c4045424858ecbced80989feafc11b36,matic,,0x613db23b,,58989.01571,7,0.00%,
0x777777c9898d384f785ee44acfe945efdff5f3e0,eth,,0x1da649cf,,409772.36,7,0.00%,
0x9ca98c8b217c3b45074834908555d36af2ac6449,eth,,0x095ea7b3,,372614.7683,7,0.00%,
0x159854e14a862df9e39e1d128b8e5f70b4a3ce9b,arb,,0x078580d2,,439701.0755,7,0.00%,
0x1231deb6f5749ef6ce6943a275a1d3e7486f4eae,base,,0xed178619,,97225.31118,7,0.00%,
0x905f3add52f01a9069218c8d1c11e240aff61d2b,arb,,0x9213978c,,82069.08,7,0.00%,
0x1a9f461a371559f82976fa18c46a6a0d29f131d0,base,,0x095ea7b3,,138144.41,7,0.00%,
0x12625af4248e8137c6c58aed6ee804f8854669a6,arb,,0x317fb7b8,,40514.7425,7,0.00%,
0xcd18eaa163733da39c232722cbc4e8940b1d8888,eth,,0x7a9b2c6c,,11583606.6,7,0.00%,
0xa195608c2306a26f727d5199d5a382a4508308da,op,,0xe5672e23,,33544.33,7,0.00%,
0x3a23f943181408eac424116af7b7790c94cb97a5,op,,0x0000018c,,253932.124,7,0.00%,
0xd979c468a68062e7bdff4ba6df7842dfd3492e0f,eth,,0x095ea7b3,,116186.7357,7,0.00%,
0x65a2508c429a6078a7bc2f7df81ab575bd9d9275,base,,0x095ea7b3,,10197655.79,7,0.00%,
0x28df0f193d8e45073bc1db6f2347812c031ba818,arb,,0x095ea7b3,,13102.608,7,0.00%,
0x70a073b626b2d33593f5fb01cffecdea491b6ef4,avax,,0x79530551,,1362627.95,7,0.00%,
0x6b8242e74bb0ef58e20414a93c8c69265e85ef6c,op,,0xb6b55f25,,6208964.04,7,0.00%,
0x1fa66e2b38d0cc496ec51f81c3e05e6a6708986f,zksync,,0x47e7ef24,,80019.465,7,0.00%,
0xe63ddb12fbb6211a73f12a4367b10da0834b82da,base,,0x08635a95,,1519373.329,7,0.00%,
0xbd1f3d188de7ee07b1b323c0d26d6720cafb8780,base,,0x095ea7b3,,515765.22,7,0.00%,
0xe6428ab329307ceaf637fa8e2d8224aae034abd2,arb,,0x98f3b12d,,58531.27,7,0.00%,
0x7c6b10a7cd8d7c4159e8505c74a35ef900452ddf,base,,0x28b8aee1,,8420.03563,7,0.00%,
0xaef205261d6b9b44f58d0c96a6d48f0a5c01542d,eth,,0x08fa599d,,435912.52,7,0.00%,
0xe4c8d341570ed4e23798e238a92673ebab787775,op,,0xa0712d68,,22322.072,7,0.00%,
0xfa3e62aae5de014c4cd20377ec90eb8e59d31169,arb,,0x04951891,,185188.48,7,0.00%,
0xf25484650484de3d554fb0b7125e7696efa4ab99,arb,,0x9f8420b3,,3429750.703,7,0.00%,
0x88e91283d97a482a9e0851de335d58d97dcff7b0,zksync,,0xaea64c38,,19103.27167,7,0.00%,
0xef4fb24ad0916217251f553c0596f8edc630eb66,matic,,0xb9303701,,152525.0345,7,0.00%,
0x5a3e6a77ba2f983ec0d371ea3b475f8bc0811ad5,eth,,0x23b872dd,,36466.64,7,0.00%,
0xb4315e873dbcf96ffd0acd8ea43f689d8c20fb30,arb,,0xc22159b6,,1962119.12,7,0.00%,
0xe261d618a959afffd53168cd07d12e37b26761db,matic,,0x23b872dd,,36466.64,7,0.00%,
0x72a5e3fec2e02ee288b5d018e3b1cbe86c5009f6,eth,,0x92a05d55,,107890.66,7,0.00%,
0x6b2c0c7be2048daa9b5527982c29f48062b34d58,base,,0xb80c2f09,,20018.28,7,0.00%,
0x89d584a1edb3a70b3b07963f9a3ea5399e38b136,eth,,0xa9059cbb,,20676.75,7,0.00%,
0x7b0614215649e6219d3c84afd2d92a2f9ec995a0,arb,,0x1feed31f,,4540692.521,7,0.00%,
0xae7ab96520de3a18e5e111b5eaab095312d7fe84,eth,,0xa9059cbb,,2494722.32,7,0.00%,
0x5d3a1ff2b6bab83b63cd9ad0787074081a52ef34,eth,,0xc7c7f5b3,,2042397.468,7,0.00%,
0xd402e48d1ce4a3d0fcd3d76aa7fb62f30c2fbbc6,arb,,0x3d18b912,,51413.68714,7,0.00%,
0x0f2d719407fdbeff09d87557abb7232601fd9f29,eth,,0x095ea7b3,,128969.265,7,0.00%,
0x4b9278b94a1112cad404048903b8d343a810b07e,eth,,0xa9059cbb,,3404573,7,0.00%,
0xa2ab69a98a30050afce7e9ecd39231223d74fd09,eth,,0xdfb9d4b1,,67534.76,7,0.00%,
0xa8c8cfb141a3bb59fea1e2ea6b79b5ecbcd7b6ca,eth,,0x23b872dd,,36466.64,7,0.00%,
0x93c3a816242e50ea8871a29bf62cc3df58787fbd,eth,,0x7eee288d,,288641.4125,7,0.00%,
0x10b9befe0b829f2562d3875eb0fabadc5d37b885,zksync,,0x095ea7b3,,7544.353333,7,0.00%,
0xb1084db8d3c05cebd5fa9335df95ee4b8a0edc30,arb,,0x095ea7b3,,5890407.76,7,0.00%,
0x49c36afa15c7fdbd57ce3d61d80f39b6615a76ef,eth,,0x23b872dd,,2302.46,7,0.00%,
0x6685fcfce05e7502bf9f0aa03b36025b09374726,eth,,0x095ea7b3,,8015505.96,7,0.00%,
0x9e64d3b9e8ec387a9a58ced80b71ed815f8d82b5,arb,,0x095ea7b3,,108307.2129,7,0.00%,
0x39d5313c3750140e5042887413ba8aa6145a9bd2,eth,,0x095ea7b3,,416290.9925,7,0.00%,
0x5ff292d70ba9cd9e7ccb313782811b3d7120535f,base,,0xe5a97c92,,19588.64,7,0.00%,
0x59c7c832e96d2568bea6db468c1aadcbbda08a52,base,,0x46c67b6d,,206982.664,7,0.00%,
0x9e22ebec84c7e4c4bd6d4ae7ff6f4d436d6d8390,op,,0x6e553f65,,1640797.738,7,0.00%,
0xcfa3ef56d303ae4faaba0592388f19d7c3399fb4,base,,0x095ea7b3,,1108537.9,7,0.00%,
0x01df6fb6a28a89d6bfa53b2b3f20644abf417678,arb,,0xa49f9516,,13503.49286,7,0.00%,
0x04eabff4b00dd52d13118344a36cab8c2d9fef1c,arb,,0x4e71d92d,,139492.0967,7,0.00%,
0xd2ce52833a2a70cf6255c6374bc44525a0fb93d8,arb,,0xb6b55f25,,11583606.6,7,0.00%,
0x2ef8a2ccb058915e00e16aa13cc6e36f19d8893b,eth,,0x095ea7b3,,62836.678,7,0.00%,
0x45bf3c737e57b059a5855280ca1adb8e9606ac68,eth,,0x8aac16ba,,4037041.647,7,0.00%,
0xbe1053ec4ac137c9a5b4462d53d5c2c0b89a2b79,base,,0x095ea7b3,,10330693.8,7,0.00%,
0x00000000005bbb0ef59571e58418f9a4357b68a0,arb,,0x12599ac6,,3001501.307,7,0.00%,
0xbea0e11282e2bb5893bece110cf199501e872bad,eth,,0x978b24ed,,3411.05,7,0.00%,
0xf89042057d079debe2a65a1a899e48e0e825105f,base,,0x095ea7b3,,1362627.95,7,0.00%,
0xaa277cb7914b7e5514946da92cb9de332ce610ef,arb,,0xe6c620f0,,283849.594,7,0.00%,
0x2ec705d306b51e486b1bc0d6ebee708e0661add1,eth,,0x18cbafe5,,18756.775,7,0.00%,
0x69af81e73a73b40adf4f3d4223cd9b1ece623074,eth,,0xa9059cbb,,3404573,7,0.00%,
0x83d6c8c06ac276465e4c92e7ac8c23740f435140,arb,,0x095ea7b3,,2386311.418,7,0.00%,
0xbc97d4a792f981d1d058526f2d4712e42617915b,linea,,0x1249c58b,,28895.49161,7,0.00%,
0xa7088ed1a460a154404adbfd7d6a3873e9f90340,eth,,0xa22cb465,,41655.02143,7,0.00%,
0xb2c63830d4478cb331142fac075a39671a5541dc,matic,,0x095ea7b3,,6665.03,7,0.00%,
0x040993fbf458b95871cd2d73ee2e09f4af6d56bb,avax,,0xe56461ad,,15346.078,7,0.00%,
0xbf1aea8670d2528e08334083616dd9c5f3b087ae,base,,0x095ea7b3,,6974094.86,7,0.00%,
0x70b9c57e1ff24761c1c3ced57ddae9a3f3570698,linea,,0x301a3720,,29413.14714,7,0.00%,
0x7f52269092f2a5ef06c36c91e46f9196deb90336,matic,,0x8bf122da,,299417.5214,7,0.00%,
0xd3e17cf0c9eea917a60e983246b7c99c888205ea,op,,0x434dcfba,,27676.08429,7,0.00%,
0xa195608c2306a26f727d5199d5a382a4508308da,matic,,0x407c7b1d,,7378.87,7,0.00%,
0xa238dd80c259a72e81d7e4664a9801593f98d1c5,base,,0x69328dec,,69567.524,7,0.00%,
0x0e22b5f3e11944578b37ed04f5312dfc246f443c,base,,0x0f6f3564,,197795.8367,7,0.00%,
0xbaddab83c79d3aa8742d979609592bee8499370d,arb,,0xd2c4bf38,,71798.025,7,0.00%,
0xeeca64ea9fcf99a22806cd99b3d29cf6e8d54925,eth,,0xa22cb465,,55484.49,7,0.00%,
0x4dae2f939acf50408e13d58534ff8c2776d45265,bsc,,0x3593564c,,33175.57714,7,0.00%,
0x7fc66500c84a76ad7e9c93437bfc5ac33e2ddae9,eth,,0x23b872dd,,36466.64,7,0.00%,
0xa61f74247455a40b01b0559ff6274441fafa22a3,arb,,0x095ea7b3,,257893.08,7,0.00%,
0xf827f77422d6dff7b4e1bc87fec88606082b2199,eth,,0xa9059cbb,,3404573,7,0.00%,
0x478f6f994c6fb3cf3e444a489b3ad9edb8ccae16,eth,,0x7d4e41ed,,96641.17,7,0.00%,
0x4b6f83bed0aa7278cf01b2a62ec28af3b48ac699,eth,,0xeb21c145,,280880.2557,7,0.00%,
0xfe98796e0af4ababd716508429e51ff9ac1bb4d5,eth,,0x095ea7b3,,64521.5046,7,0.00%,
0x1111111254eeb25477b68fb85ed929f73a960582,base,,0x0502b1c5,,506643.8184,7,0.00%,
0x23150e1db43a04ae1ea993b76dd3c37156cabe0f,eth,,0x095ea7b3,,257217.7817,7,0.00%,
0x4591dbff62656e7859afe5e45f6f47d3669fbb28,eth,,0x095ea7b3,,8171385.41,7,0.00%,
0x3ef3d8ba38ebe18db133cec108f4d14ce00dd9ae,matic,,0x71ee95c0,,1380433.26,7,0.00%,
0x9dfad1b7102d46b1b197b90095b5c4e9f5845bba,eth,,0x095ea7b3,,369998.5767,7,0.00%,
0xc6dac3a53d5d6de9d1d05aa6e28b8e9e41722601,zksync,,0x095ea7b3,,36221.884,7,0.00%,
0x231a6bd8eb88cfa42776b7ac575cecaf82bf1e21,eth,,0xa9059cbb,,24163.07063,7,0.00%,
0x8b3c69abc8c588e3eceb2eedf3bccf8fea950241,eth,,0x23b872dd,,2302.46,7,0.00%,
0x5996cea2c456259d1dd9ae72b3df5192a1cbae01,arb,,0xa22cb465,,101838.9285,7,0.00%,
0xc8a6480ed7c7b1c401061f8d96be7de6f94d3e60,eth,,0x89850a33,,341574.248,7,0.00%,
0x26da582889f59eaae9da1f063be0140cd93e6a4f,arb,,0x89a281b6,,40259.03,7,0.00%,
0x0032f5e1520a66c6e572e96a11fbf54aea26f9be,arb,,0x94bf804d,,251724.646,7,0.00%,
0xc36442b4a4522e871399cd717abdd847ab11fe88,matic,,0x88316456,,1147713.97,7,0.00%,
0xf2458bd228d8a39b64bd3b9f84890e957cac3bbc,eth,,0xb121556f,,152007.13,7,0.00%,
0x632fd9fec3b3d4981829cf85afe882987fa6b347,matic,,0xc2ca0ac5,,9949.59,7,0.00%,
0x430ef9263e76dae63c84292c3409d61c598e9682,eth,,0xa9059cbb,,1757511.26,7,0.00%,
0x3419875b4d3bca7f3fdda2db7a476a79fd31b4fe,bsc,,0x095ea7b3,,159504.6146,7,0.00%,
0x648cc6abcf7fe24afb76e6c15cdd9dfb41e9bcdb,arb,,0xa22cb465,,27873.82667,7,0.00%,
0x703843c3379b52f9ff486c9f5892218d2a065cc8,base,,0x0e752702,,15208.81,7,0.00%,
0x0b612b947b43f598a03f13d9f1ede70e7b8a0ea7,op,,0x9c421449,,3226312.76,7,0.00%,
0xbb59f5324fea11e538fc7f46c3c7bfe5ad36e8b9,arb,,0x00f714ce,,11583606.6,7,0.00%,
0x5926b1979f6603f8675a15392417835133f1697c,avax,,0xe0c9b5c7,,1362627.95,7,0.00%,
0xfeff7b68bc540826da22b296c82a4b8b6b845f41,eth,,0x095ea7b3,,53416.53167,7,0.00%,
0xaaaa55c44c7b4d87662fc8ff1f310c96ed57ce1f,bsc,,0x27f4af91,,17298.73,7,0.00%,
0x8a78dc698472a89e49efccbd9fe4aebfeee3bf75,linea,,0xabeb97dc,,12887.958,7,0.00%,
0x9dda6ef3d919c9bc8885d5560999a3640431e8e6,op,,0x5f575529,,48798.493,7,0.00%,
0xa62f9c5af106feee069f38de51098d9d81b90572,eth,,0x745400c9,,115836.325,6,0.00%,
0x3335733c454805df6a77f825f266e136fb4a3333,base,,0xe1fcde8e,,53580.38266,6,0.00%,
0x8bf591eae535f93a242d5a954d3cde648b48a5a8,base,,0x095ea7b3,,11583606.6,6,0.00%,
0x5df8207b2ac3345e2dddb73dce8d13838f22cadf,base,,0xc6fad454,,22800.04,6,0.00%,
0x2e2071180682ce6c247b1ef93d382d509f5f6a17,arb,,0x4e3430ca,,2935958,6,0.00%,
0xf883012ddb1dc254c93ee71bde7fa05e4fdc6b8d,base,,0x9dbb844d,,190010.788,6,0.00%,
0x2e9d63788249371f1dfc918a52f8d799f4a38c94,eth,,0xa9059cbb,,3404573,6,0.00%,
0x8a0a9b663693a22235b896f70a229c4a22597623,eth,,0x095ea7b3,,86080.65667,6,0.00%,
0xadb9d68c613df4aa363b42161e1282117c7b9594,arb,,0xe9ed3d30,,118557.405,6,0.00%,
0xc36442b4a4522e871399cd717abdd847ab11fe88,eth,,0x42842e0e,,27760.31333,6,0.00%,
0x373504da48418c67e6fcd071f33cb0b3b47613c7,base,,0x095ea7b3,,1127575.33,6,0.00%,
0x0cbd6fadcf8096cc9a43d90b45f65826102e3ece,bsc,,0x23b872dd,,36466.64,6,0.00%,
0x3d806324b6df5af3c1a81acba14a8a62fe6d643f,eth,,0x095ea7b3,,41700.865,6,0.00%,
0xd729345aa12c5af2121d96f87b673987f354496b,eth,,0x072278c8,,50738.64,6,0.00%,
0xf250bf5953b601e42e93226f7a9e4e8b9e7435af,bsc,,0x095ea7b3,,19958.785,6,0.00%,
0xa674f2c33f504345f50ca6c850f9fd8338612166,base,,0x01,,0,6,0.00%,
0x9f9c8ec3534c3ce16f928381372bfbfbfb9f4d24,eth,,0x23b872dd,,36466.64,6,0.00%,
0x3af35e0ca9942ddd07b7729f60a72718661b51f0,eth,,0x095ea7b3,,145685.3196,6,0.00%,
0xc8d8f5937ed9dbb39505ea4179a96b90c5f3a149,arb,,0xda280389,,16582.15167,6,0.00%,
0x341e94069f53234fe6dabef707ad424830525715,zksync,,0x482c6a85,,16849.896,6,0.00%,
0xaaa343032aa79ee9a6897dab03bef967c3289a06,arb,,0x42842e0e,,147676.495,6,0.00%,
0xa7d8d9ef8d8ce8992df33d8b8cf4aebabd5bd270,eth,,0x42842e0e,,69376.53333,6,0.00%,
0x16613524e02ad97edfef371bc883f2f5d6c480a5,base,,0x310bd74b,,2098829.213,6,0.00%,
0xba100000625a3754423978a60c9317c58a424e3d,eth,,0x095ea7b3,,363881.46,6,0.00%,
0x159854e14a862df9e39e1d128b8e5f70b4a3ce9b,arb,,0x64f64467,,556629.135,6,0.00%,
0x79f316c45e9b62638a8304ffffa9806439b69d44,mantle,,0xa694fc3a,,95657.93,6,0.00%,
0xbe7d1fd1f6748bbdefc4fbacafbb11c6fc506d1d,zksync,,0x18cbafe5,,33791.99667,6,0.00%,
0x41c914ee0c7e1a5edcd0295623e6dc557b5abf3c,op,,0xe0c11f9a,,60529.675,6,0.00%,
0x063c80ce841aa623b8c1b97f9859811090d4f3b7,base,,0x9c421449,,3226312.76,6,0.00%,
0xfc91f727333fbb224a6c78839463b0f372ece7d0,bsc,,0x64617461,,7559.255,6,0.00%,
0xb5c064f955d8e7f38fe0460c556a72987494ee17,matic,,0x095ea7b3,,50044.87,6,0.00%,
0x600c411c1195605cc75a7645f2bca782fcfc4d6c,eth,,0x42842e0e,,3685.715,6,0.00%,
0x24d73bca2bd9c3a61e99dfc7cb86d3c379ebded7,eth,,0x095ea7b3,,80092.20333,6,0.00%,
0x052ab3fd33cadf9d9f227254252da3f996431f75,arb,,0xc9a00f7c,,51211.02,6,0.00%,
0xcefe1d8291de82fcd7e8225affed20276202bc7d,bsc,,0x399542e9,,4663.8,6,0.00%,
0xb6a37b5d14d502c3ab0ae6f3a0e058bc9517786e,eth,,0xa22cb465,,49217.94,6,0.00%,
0xb8a87405d9a4f2f866319b77004e88dff66c0d92,eth,,0x095ea7b3,,75617.3093,6,0.00%,
0x00000000002fd5aeb385d324b580fca7c83823a0,op,,0xd985f1e8,,46242.3,6,0.00%,
0xed96e69d54609d9f2cff8aacd66ccf83c8a1b470,eth,,0x998e4242,,19005.94333,6,0.00%,
0xa5e38d098b54c00f10e32e51647086232a9a0afd,eth,,0xf7ff7207,,31603.57,6,0.00%,
0x0946eed4ba41a941d0f3b45c2e38521a6123af16,bsc,,0x35bcf347,,89861.6,6,0.00%,
0x4ab2fc6e258a0ca7175d05ff10c5cf798a672cae,arb,,0x48bae94b,,9300.51,6,0.00%,
0x469788fe6e9e9681c6ebf3bf78e7fd26fc015446,arb,,0xbd86e508,,161976.39,6,0.00%,
0x1bdf415240335ca18f3a951034f4a32c16b126be,matic,,0x3183d9ef,,1126.4,6,0.00%,
0x236aa50979d5f3de3bd1eeb40e81137f22ab794b,base,,0x095ea7b3,,5808596.16,6,0.00%,
0xb4a81261b16b92af0b9f7c4a83f1e885132d81e4,eth,,0x23b872dd,,36466.64,6,0.00%,
0x80115c708e12edd42e504c1cd52aea96c547c05c,zksync,,0x095ea7b3,,107162.182,6,0.00%,
0xa8b919680258d369114910511cc87595aec0be6d,eth,,0x23b872dd,,36466.64,6,0.00%,
0x4949ac21d5b2a0ccd303c20425eeb29dccba66d8,eth,,0x174ba05c,,51298.24,6,0.00%,
0x26c8afbbfe1ebaca03c2bb082e69d0476bffe099,eth,,0x23b872dd,,36466.64,6,0.00%,
0x25ab3efd52e6470681ce037cd546dc60726948d3,matic,,0xc8173c44,,119849.522,6,0.00%,
0x40a50cf069e992aa4536211b23f286ef88752187,eth,,0x7bc41b96,,222130.755,6,0.00%,
0x25ab3efd52e6470681ce037cd546dc60726948d3,base,,0xc8173c44,,119849.522,6,0.00%,
0x0e10307df6f69298642b462a7c42fed19828298c,eth,,0xe211ed5e,,150082.944,6,0.00%,
0xf041690d9cbe398d3d51f25c87902c1403affe66,eth,,0x86fa733f,,45810.625,6,0.00%,
0x4db5a66e937a9f4473fa95b1caf1d1e1d62e29ea,bsc,,0x095ea7b3,,601850.5433,6,0.00%,
0xa7111e8e9f02c8ce89e9a2bcb40c88f34b1c23ad,eth,,0x095ea7b3,,171965.98,6,0.00%,
0x0782b6d8c4551b9760e74c0545a9bcd90bdc41e5,bsc,,0x095ea7b3,,193903.315,6,0.00%,
0x22b4fa9a13a0d303ad258ee6d62a6ac60364b0c9,bsc,,0x095ea7b3,,168429.16,6,0.00%,
0x6a7eff1e2c355ad6eb91bebb5ded49257f3fed98,eth,,0x095ea7b3,,221531.7475,6,0.00%,
0x7f39c581f595b53c5cb19bd0b3f8da6c935e2ca0,eth,,0xde0e9a3e,,13810234.42,6,0.00%,
0xad4b9c1fbf4923061814dd9d5732eb703faa53d4,arb,,0x095ea7b3,,69779.92333,6,0.00%,
0x62d0a8458ed7719fdaf978fe5929c6d342b0bfce,eth,,0x23b872dd,,36466.64,6,0.00%,
0x09f77e8a13de9a35a7231028187e9fd5db8a2acb,arb,,0xc16cde8a,,1142026.03,6,0.00%,
0x17176a9868f321411b15ccb9b934cf95597e89c4,arb,,0xa9059cbb,,12249.35667,6,0.00%,
0x6e2b76966cbd9cf4cc2fa0d76d24d5241e0abc2f,zksync,,0x0502b1c5,,29481.8675,6,0.00%,
0x2b2c81e08f1af8835a78bb2a90ae924ace0ea4be,avax,,0x095ea7b3,,7594623.46,6,0.00%,
0x09f423ac3c9babbff6f94d372b16e4206e71439f,bsc,,0x095ea7b3,,67870.28333,6,0.00%,
0x9aed3a8896a85fe9a8cac52c9b402d092b629a30,arb,,0x7dc20382,,7129.6375,6,0.00%,
0x20b5e8a1c5a66da0bf4ec8392efbc6053969bb42,eth,,0x1feed31f,,209712.7017,6,0.00%,
0xcb96543b9f3657be103ba6371aaed8a711cc9e02,op,,0x48f02917,,49489.37833,6,0.00%,
0xfa7f2e933c09cd113ef6e72b76d61fb4b27496a1,base,,0x095ea7b3,,51828.08623,6,0.00%,
0x73d7c860998ca3c01ce8c808f5577d94d545d1b4,eth,,0x095ea7b3,,72852.43,6,0.00%,
0xfccdb42342c877d161197759642ffb5c0bcc80c8,eth,,0x8132b321,,2104203.71,6,0.00%,
0x4d2d32d8652058bf98c772953e1df5c5c85d9f45,bsc,,0x23b872dd,,36466.64,6,0.00%,
0x53a4f1c1b2d9603b3d3ae057b075a0edc3d7a615,eth,,0x494adbda,,3897.255,6,0.00%,
0xc9c747cce579959e53ba4cb5615d8783d4753450,eth,,0xac1a83d1,,117392.032,6,0.00%,
0x4c9edd5852cd905f086c759e8383e09bff1e68b3,eth,,0xa9059cbb,,5652850.55,6,0.00%,
0xa195608c2306a26f727d5199d5a382a4508308da,op,,0x67d70a29,,14185.31,6,0.00%,
0xafa37dfc7ba1eb85f266f079bbb53030f5927d7e,arb,,0x095ea7b3,,280273.33,6,0.00%,
0xf729f878f95548bc7f14b127c96089cf121505f8,eth,,0xa22cb465,,99665.1391,6,0.00%,
0x68d12c45f642cbe86c97a4bca11bac2c47665f5a,zksync,,0xd0e30db0,,51235.83,6,0.00%,
0x2d7a092036cc1e39ac37a4c4c7f6f9aadcfd5f80,arb,,0xcf9d0b5f,,30362172.7,6,0.00%,
0x49b4d1df40442f0c31b1bbaea3ede7c38e37e31a,eth,,0xa694fc3a,,15363027.1,6,0.00%,
0x000000000060c4ca14cfc4325359062ace33fe3d,eth,,0xe8f9f1dc,,111282.514,6,0.00%,
0x15fa08599eb017f89c1712d0fe76138899fdb9db,op,,0xaea64c38,,24035.47333,6,0.00%,
0x9ca6a77c8b38159fd2da9bd25bc3e259c33f5e39,matic,,0x095ea7b3,,535130.4817,6,0.00%,
0x8731d54e9d02c286767d56ac03e8037c07e01e98,linea,,0xed995307,,42663.35333,6,0.00%,
0xbe9895146f7af43049ca1c1ae358b0541ea49704,eth,,0x23b872dd,,36466.64,6,0.00%,
0xf11ed22f65c2b77b2d76b83c3ac8fb3cdc20a20a,avax,,0x095ea7b3,,59509.472,6,0.00%,
0x1c7a460413dd4e964f96d8dfc56e7223ce88cd85,base,,0x095ea7b3,,235134.8733,6,0.00%,
0x15ebaad8717a6b71116ffaf1e0fd4a3b4de0f96c,base,,0x1249c58b,,19490.74,6,0.00%,
0xa35923162c49cf95e6bf26623385eb431ad920d3,eth,,0x23b872dd,,36466.64,6,0.00%,
0x37102727dfb93410d90d446b19e736e1136469b8,eth,,0xc7537f36,,11583606.6,6,0.00%,
0xd9aaec86b65d86f6a7b5b1b0c42ffa531710b6ca,base,,0x23b872dd,,36466.64,6,0.00%,
0x595787ffbc575619f1e22f9f0e4cd069e93d228c,eth,,0x23b872dd,,2302.46,6,0.00%,
0x3a23f943181408eac424116af7b7790c94cb97a5,avax,,0x0000018a,,305772.4317,6,0.00%,
0x0a992d191deec32afe36203ad87d7d289a738f81,eth,,0x57ecfd28,,235210.2517,6,0.00%,
0xceefb64bf3cf872b3be1af31c79636901e422deb,eth,,0x095ea7b3,,163076.7855,6,0.00%,
0xf819d9cb1c2a819fd991781a822de3ca8607c3c9,eth,,0x095ea7b3,,104907.138,6,0.00%,
0xa50b23cdfb2ec7c590e84f403256f67ce6dffb84,op,,0x095ea7b3,,33130.13667,6,0.00%,
0x09233d553058c2f42ba751c87816a8e9fae7ef10,eth,,0xa22cb465,,99940.654,6,0.00%,
0x4104b135dbc9609fc1a9490e61369036497660c8,eth,,0x095ea7b3,,540367.155,6,0.00%,
0x64b88c73a5dfa78d1713fe1b4c69a22d7e0faaa7,base,,0x095ea7b3,,32797.646,6,0.00%,
0x497a9a79e82e6fc0ff10a16f6f75e6fcd5ae65a8,eth,,0xa22cb465,,98670.64833,6,0.00%,
0x0512384c595ef182f3dacd8414e951c2fa7f6ee9,avax,,0x095ea7b3,,36928.385,6,0.00%,
0xfd54762d435a490405dda0fbc92b7168934e8525,zksync,,0x095ea7b3,,6078352.42,6,0.00%,
0x8d5b1b160d33ce8b6cafe2674a81916d33c6ff0b,op,,0xe5585666,,19742.225,6,0.00%,
0x61294940ce7cd1bda10e349adc5b538b722ceb88,op,,0xf69e2046,,1362627.95,6,0.00%,
0x00000000007767d79f9f4aa1ff0d71b8e2e4a231,eth,,0xe94d4d93,,61288.505,6,0.00%,
0xbfe47d6d4090940d1c7a0066b63d23875e3e2ac5,eth,,0xa22cb465,,65969.03,6,0.00%,
0x7775d63836987f444e2f14aa0fa2602204d7d3e0,matic,,0x4cd480bd,,9245.098,6,0.00%,
0x6694340fc020c5e6b96567843da2df01b2ce1eb6,arb,,0x2e15238c,,39711.494,6,0.00%,
0xf55b0f6f2da5ffddb104b58a60f2862745960442,eth,,0xb72df5de,,199164.152,6,0.00%,
0xe76c6c83af64e4c60245d8c7de953df673a7a33d,eth,,0x095ea7b3,,336807,6,0.00%,
0x60c08737877a5262bdb1c1cac8fb90b5e5b11515,base,,0x1dd319cb,,314954.365,6,0.00%,
0xd3d0cff8d48846042f17583add5b795cfd81a0d2,eth,,0x095ea7b3,,41068.33,6,0.00%,
0x4cf76043b3f97ba06917cbd90f9e3a2aac1b306e,base,,0x18cbafe5,,22800.04,6,0.00%,
0xb64ef51c888972c908cfacf59b47c1afbc0ab8ac,eth,,0x23b872dd,,36466.64,6,0.00%,
0x3c7f2ebb732c415568963c355c7ec0d9372032ea,arb,,0xa8592ae0,,0,6,0.00%,
0x096d19b58cab84a2f0ff0e81c08291bffaa62848,avax,,0x095ea7b3,,34974.4525,6,0.00%,
0xca6d7604ae55ba1ba864c26692a91979f25cdb96,eth,,0x23b872dd,,2302.46,6,0.00%,
0x86bb63148d17d445ed5398ef26aa05bf76dd5b59,op,,0xca23bb4c,,48583.475,6,0.00%,
0x000063a6e758d9e2f438d430108377564cf4077d,bsc,,0xec026901,,46284.01,6,0.00%,
0x1f6692e78dde07ff8da75769b6d7c716215bc7d0,eth,,0x8a99b4f2,,31882.30667,6,0.00%,
0x8e4d27d772099e18900caf5dcc36cb612dcee886,eth,,0xa9059cbb,,1159973.797,6,0.00%,
0x0c2e57efddba8c768147d1fdf9176a0a6ebd5d83,eth,,0xa22cb465,,95584.965,6,0.00%,
0x4f94b8aef08c92fefe416af073f1df1e284438ec,avax,,0x095ea7b3,,30488.1575,6,0.00%,
0x1a652a2c9065465c1cca864bfd2a09cbf511c3a3,op,,0xa22cb465,,32213.22833,6,0.00%,
0x84ab38e42d8da33b480762cca543eeca6135e040,base,,0xb88a802f,,126393.98,6,0.00%,
0x8731d54e9d02c286767d56ac03e8037c07e01e98,matic,,0x441a3e70,,29403.64333,6,0.00%,
0xb0d502e938ed5f4df2e681fe6e419ff29631d62b,bsc,,0x095ea7b3,,762270.105,6,0.00%,
0xb12600d06753df7c706225c901e6c1346a654d0b,arb,,0xe6f1daf2,,5890407.76,6,0.00%,
0x9ba021b0a9b958b5e75ce9f6dff97c7ee52cb3e6,eth,,0x095ea7b3,,191918.458,6,0.00%,
0x59325733eb952a92e069c87f0a6168b29e80627f,eth,,0xa22cb465,,52324.77667,6,0.00%,
0x17176a9868f321411b15ccb9b934cf95597e89c4,arb,,0x095ea7b3,,1974689.46,6,0.00%,
0x4a029f7bcf33acb03547d8fa7be840347973e24e,eth,,0x095ea7b3,,58096.05548,6,0.00%,
0xbb3d7f42c58abd83616ad7c8c72473ee46df2678,eth,,0x095ea7b3,,83618.0997,6,0.00%,
0x2b959ccb3c8fc1ed7769004742c197e28251027e,op,,0x82cee55c,,3226312.76,6,0.00%,
0x549d0cdc753601fbe29f9de186868429a8558e07,base,,0x6ba4c138,,11583606.6,6,0.00%,
0x58cb30368ceb2d194740b144eab4c2da8a917dcb,eth,,0x095ea7b3,,212290.2496,6,0.00%,
0xdc3326e71d45186f113a2f448984ca0e8d201995,matic,,0x095ea7b3,,22004.43,6,0.00%,
0xfeef77d3f69374f66429c91d732a244f074bdf74,eth,,0x095ea7b3,,651609.485,6,0.00%,
0xad1c24de53fad18270d5c99026302e989d212b41,base,,0x095ea7b3,,9223.832,6,0.00%,
0x2ae3f1ec7f1f5012cfeab0185bfc7aa3cf0dec22,base,,0xa9059cbb,,197208.94,6,0.00%,
0xa6916545a56f75acd43fb6a1527a73a41d2b4081,eth,,0x23b872dd,,2302.46,6,0.00%,
0x66299ecc614b7a1920922bba7527819c841174bd,arb,,0x049878f3,,3918.79,6,0.00%,
0x7b56748a3ef9970a5bae99c58ad8bc67b26c525f,bsc,,0x095ea7b3,,13993.37,6,0.00%,
0x38e382f74dfb84608f3c1f10187f6bef5951de93,eth,,0x23b872dd,,36466.64,6,0.00%,
0x8731d54e9d02c286767d56ac03e8037c07e01e98,matic,,0xe2bbb158,,20238.302,6,0.00%,
0x7d9ce55d54ff3feddb611fc63ff63ec01f26d15f,base,,0x095ea7b3,,93471.00833,6,0.00%,
0x66d5c66e7c83e0682d947176534242c9f19b3365,arb,,0x095ea7b3,,299235.5406,6,0.00%,
0x3a23f943181408eac424116af7b7790c94cb97a5,matic,,0x00000016,,171545.6767,6,0.00%,
0x4460608777c2daff70786d69212240043d6bf4ad,arb,,0x4e71d92d,,257074.59,6,0.00%,
0x8b0e6f19ee57089f7649a455d89d7bc6314d04e8,arb,,0xa9059cbb,,13137.652,6,0.00%,
0x3a23f943181408eac424116af7b7790c94cb97a5,matic,,0x00000192,,250605.3,6,0.00%,
0xf403c135812408bfbe8713b5a23a04b3d48aae31,arb,,0xc6f678bd,,11583606.6,6,0.00%,
0x371c7ec6d8039ff7933a2aa28eb827ffe1f52f07,mantle,,0x095ea7b3,,54851.11,6,0.00%,
0x167478921b907422f8e88b43c4af2b8bea278d3a,eth,,0xb72df5de,,2688990.61,6,0.00%,
0x6604b5da093f3f35066c6c79e51d581a44c35288,arb,,0x095ea7b3,,39126.592,6,0.00%,
0x5326e71ff593ecc2cf7acae5fe57582d6e74cff1,arb,,0x095ea7b3,,1885139.75,6,0.00%,
0xf8ebf4849f1fa4faf0dff2106a173d3a6cb2eb3a,eth,,0x095ea7b3,,36329.98,6,0.00%,
0x6c061d18d2b5bbfbe8a8d1eeb9ee27efd544cc5d,eth,,0x23b872dd,,36466.64,6,0.00%,
0x2223f9fe624f69da4d8256a7bcc9104fba7f8f75,base,,0x095ea7b3,,4143478.267,6,0.00%,
0x46a15b0b27311cedf172ab29e4f4766fbe7f4364,bsc,,0xac9650d8,,196070.1417,6,0.00%,
0xf819d9cb1c2a819fd991781a822de3ca8607c3c9,eth,,0x23b872dd,,36466.64,6,0.00%,
0xcd4b2e538c9d2c1ca117c8f5f2e8fa56f6ba1069,matic,,0x095ea7b3,,137216.9867,6,0.00%,
0x5eed99d066a8caf10f3e4327c1b3d8b673485eed,eth,,0x095ea7b3,,179801.026,6,0.00%,
0x159854e14a862df9e39e1d128b8e5f70b4a3ce9b,arb,,0xf3daeacc,,36768.58667,6,0.00%,
0x931143b901a1c81ba1657cf0f2acd126f75ca4fd,base,,0xb6b55f25,,90022.455,6,0.00%,
0x26bbea7803dcac346d5f5f135b57cf2c752a02be,base,,0x07591acc,,31104.328,6,0.00%,
0x1630df1704a67c9d6f26ee4a7dcf506c369d9fa8,arb,,0x90605e85,,84386.48,6,0.00%,
0x887a7db13bac486f030d8747b768db4105646b12,arb,,0xf2e16b3c,,295967.2767,6,0.00%,
0xc3c7d422809852031b44ab29eec9f1eff2a58756,matic,,0x23b872dd,,36466.64,6,0.00%,
0x378878af3228d23891de306cb2b123d837d0dcf1,eth,,0x095ea7b3,,240388.5875,6,0.00%,
0xd1169e5349d1cb9941f3dcba135c8a4b9eacfdde,eth,,0x23b872dd,,2302.46,6,0.00%,
0x580e933d90091b9ce380740e3a4a39c67eb85b4c,arb,,0x095ea7b3,,123253.3217,6,0.00%,
0x686b1209b2de12818aa69dd139530448d0c792b3,base,,0x095ea7b3,,133342.5733,6,0.00%,
0xc52fafdc900cb92ae01e6e4f8979af7f436e2eb2,eth,,0x095ea7b3,,61757.814,6,0.00%,
0x4f43c77872db6ba177c270986cd30c3381af37ee,eth,,0x095ea7b3,,5013770.12,6,0.00%,
0x4790a39d5615bfbdad0e91a58c8b7391d48ffb9a,eth,,0xd954863c,,2005447.477,6,0.00%,
0x2f59e9086ec8130e21bd052065a9e6b2497bb102,base,,0x47e7ef24,,57973.214,6,0.00%,
0xeaa63125dd63f10874f99cdbbb18410e7fc79dd3,eth,,0x095ea7b3,,669503.74,6,0.00%,
0xd5a597d6e7ddf373a92c8f477daaa673b0902f48,arb,,0xc2288147,,228699.049,6,0.00%,
0x4c6e2c495b974b8d4220e370f23c7e0e1da9b644,eth,,0x095ea7b3,,9285.5825,6,0.00%,
0xe99ead648fb2893d1cfa4e8fe8b67b35572d2581,arb,,0x686f2c90,,131374.045,6,0.00%,
0x36cb65c1967a0fb0eee11569c51c2f2aa1ca6f6d,eth,,0x2fbab966,,10507508.8,6,0.00%,
0xc2c862322e9c97d6244a3506655da95f05246fd8,arb,,0x760f2a0b,,702979.2694,6,0.00%,
0x94e496474f1725f1c1824cb5bdb92d7691a4f03a,eth,,0x095ea7b3,,91970.12,6,0.00%,
0x1231deb6f5749ef6ce6943a275a1d3e7486f4eae,eth,,0x03add8c3,,277799.018,6,0.00%,
0x9340204616750cb61e56437befc95172c6ff6606,eth,,0x42842e0e,,299270.81,6,0.00%,
0x3472a5a71965499acd81997a54bba8d852c6e53d,eth,,0xa9059cbb,,3404573,6,0.00%,
0xc4abade3a15064f9e3596943c699032748b13352,arb,,0x2eaff884,,61711.27,6,0.00%,
0x53bf833a5d6c4dda888f69c22c88c9f356a41614,arb,,0x84d0dba3,,7411.71,6,0.00%,
0xabbc5f99639c9b6bcb58544ddf04efa6802f4064,arb,,0x6023e966,,1142026.03,6,0.00%,
0xae3106bce6d895badcd79eb38417b37ee4887b1b,eth,,0x8132b321,,2091942.62,6,0.00%,
0x9340204616750cb61e56437befc95172c6ff6606,eth,,0xa22cb465,,17171.359,6,0.00%,
0xb80a582fa430645a043bb4f6135321ee01005fef,bsc,,0x47e7ef24,,16422.5,6,0.00%,
0x6c7d98079023f05c2b57dfc933fa0903a2c95411,base,,0x69a467a4,,57361.388,6,0.00%,
0xcc5382fe1ecadbf18629c87b9c89a27b438889d4,arb,,0x310bd74b,,71798.025,6,0.00%,
0xf9eb4885b3ebda09b28ac4e9630db13adb0ef59e,base,,0x9dbb844d,,35518.155,6,0.00%,
0x60712e3c9136cf411c561b4e948d4d26637561e7,arb,,0x095ea7b3,,2982709.51,6,0.00%,
0xd8c383de549a4f6da6893e1a8b31d9117268b1ab,eth,,0x1d02f109,,65576.792,6,0.00%,
0x9ff58067bd8d239000010c154c6983a325df138e,eth,,0x23b872dd,,36466.64,6,0.00%,
0x92f419fb7a750aed295b0ddf536276bf5a40124f,eth,,0x095ea7b3,,214548.48,6,0.00%,
0x6576696d043e5ee07f00711e7ea9f101ef86b333,op,,0xab49cd56,,141849.146,6,0.00%,
0xb8901acb165ed027e32754e0ffe830802919727f,eth,,0xdeace8f5,,756041.66,6,0.00%,
0x4e496c0256fb9d4cc7ba2fdf931bc9cbb7731660,base,,0x095ea7b3,,16874.56333,6,0.00%,
0x5fdcca53617f4d2b9134b29090c87d01058e27e9,eth,,0x441a3e70,,46057.43667,6,0.00%,
0xb5a4598c316b9eab2efd5b713ccc4d14c9a3e14a,eth,,0xa22cb465,,14349.10867,6,0.00%,
0xbbc2ae13b23d715c30720f079fcd9b4a74093505,eth,,0xa9059cbb,,3404573,6,0.00%,
0x6ffb77205a54efa12dfc5ecaa3070913f75a74f9,arb,,0xda280389,,9053.184,6,0.00%,
0xca10e8825fa9f1db0651cd48a9097997dbf7615d,bsc,,0xfd594a08,,28957.385,6,0.00%,
0x9eeaecbe2884aa7e82f450e3fc174f30fc2a8de3,eth,,0xa22cb465,,43858.1275,6,0.00%,
0x6b31859e5e32a5212f1ba4d7b377604b9d4c7a60,op,,0x3a1b1d57,,7685.91,6,0.00%,
0x10ed43c718714eb63d5aa57b78b54704e256024e,bsc,,0xbaa2abde,,18253.2,6,0.00%,
0xfbca0b0d2c8b7c965c8f3ab460c9f3a23c74a524,eth,,0xb6b55f25,,60749.55,6,0.00%,
0x111111125421ca6dc452d289314280a0f8842a65,arb,,0x83800a8e,,61373.32933,6,0.00%,
0xe60779cc1b2c1d0580611c526a8df0e3f870ec48,eth,,0x095ea7b3,,290130.1233,6,0.00%,
0x4f072c88a9144a490aee53bda2af5798e3ea3548,base,,0x9dbb844d,,15688.42,6,0.00%,
0xa8936e30290d840b15d6153fa91db26a54641d9f,eth,,0x99f4b251,,435912.52,6,0.00%,
0xce0e4e4d2dc0033ce2dbc35855251f4f3d086d0a,eth,,0xcfc93274,,49185.66816,6,0.00%,
0x521f9c7505005cfa19a8e5786a9c3c9c9f5e6f42,eth,,0xa22cb465,,53811.068,6,0.00%,
0xb7545014a3973b0d27a65ee76d1a5ee29d37b1c9,eth,,0x095ea7b3,,16522.92667,6,0.00%,
0x82a605d6d9114f4ad6d5ee461027477eeed31e34,eth,,0x095ea7b3,,70190.51,6,0.00%,
0x9f9a794bff7f52a6b813d16524d5c2a03ac0e11e,avax,,0xfb3eb0d4,,1362627.95,6,0.00%,
0xe8537b6ff1039cb9ed0b71713f697ddbadbb717d,op,,0x095ea7b3,,84304.35667,6,0.00%,
0x85237cc566926ecfdd1edbf2a38da7608b2246c0,base,,0x18a13086,,545522.25,6,0.00%,
0x72f713d11480dcf08b37e1898670e736688d218d,eth,,0x095ea7b3,,189280.0083,6,0.00%,
0x15d94ec1c8e98812dac23bf6a341bd6c83e4cb11,eth,,0x095ea7b3,,124286.51,6,0.00%,
0x0d500b1d8e8ef31e21c99d1db9a6444d3adf1270,matic,,0x2e1a7d4d,,84952.76744,6,0.00%,
0xecd4bd3121f9fd604ffac631bf6d41ec12f1fafb,arb,,0x80500d20,,939.8033333,6,0.00%,
0xe9e7cea3dedca5984780bafc599bd69add087d56,bsc,,0xa9059cbb,,106183.78,6,0.00%,
0xe0d0cf872c09968f1554730042ee680354dec994,eth,,0xadc9772e,,1958636.918,6,0.00%,
0x7502d19add43c5a9422db1196f2975896bffecac,zksync,,0x57bc3d78,,23192.385,6,0.00%,
0x0c880f6761f1af8d9aa9c466984b80dab9a8c9e8,arb,,0x23b872dd,,36466.64,6,0.00%,
0x1231deb6f5749ef6ce6943a275a1d3e7486f4eae,avax,,0xed178619,,97225.31118,6,0.00%,
0xbbeb516fb02a01611cbbe0453fe3c580d7281011,zksync,,0x095ea7b3,,32098.225,6,0.00%,
0x8b9b95292f890df47fff5ac9cbe93d5fc242bd51,eth,,0x095ea7b3,,207935.116,6,0.00%,
0xed04915c23f00a313a544955524eb7dbd823143d,eth,,0xa9059cbb,,3404573,6,0.00%,
0x4e21a65a9f4672ef2cdfb7fa6b0f1e39d6e4e50e,op,,0x59c2799b,,32951.19286,6,0.00%,
0x644192291cc835a93d6330b24ea5f5fedd0eef9e,eth,,0xd505accf,,36466.64,6,0.00%,
0xe92344b4edf545f3209094b192e46600a19e7c2d,eth,,0x095ea7b3,,328000.754,6,0.00%,
0x1e1b3525388e8a63988f8455638aee87f68eeaa7,eth,,0x23b872dd,,2302.46,6,0.00%,
0xc929ba60ef82fe55de3bc848dd9453b3b12a0c30,eth,,0x5a005887,,104942.7,6,0.00%,
0x000000000000ad05ccc4f10045630fb830b95127,eth,,0xb3be57f8,,36466.64,6,0.00%,
0x72cf2be80607610bdaf23f0833c0545bef83e881,base,,0x42842e0e,,19490.74,6,0.00%,
0xc6920888988caceea7acca0c96f2d65b05ee22ba,matic,,0x095ea7b3,,76676.61,6,0.00%,
0x872a34ebb2d54af86827810eebc7b9dc6b2144aa,bsc,,0x23b872dd,,36466.64,6,0.00%,
0x985af49e515488c6556e3d9d24d464ce95ea3088,eth,,0x23b872dd,,2302.46,6,0.00%,
0xeb466342c4d449bc9f53a865d5cb90586f405215,base,,0x095ea7b3,,41128.1563,6,0.00%,
0x777bfcbde82256064742220463c7764954e9a927,ftm,,0xfecdad60,,3226312.76,6,0.00%,
0x15093ed45c2a3f88393d41bc436003e2b8115ad5,base,,0xb6b55f25,,1362627.95,6,0.00%,
0x023a2aac5d0fa69e3243994672822ba43e34e5c9,eth,,0x00aeef8a,,463631.012,6,0.00%,
0xcc8e00a444e7d4262fcdc2151fe866741ce76986,eth,,0x22ab1334,,122074.77,6,0.00%,
0x1f7c16fce4fc894143afb5545bf04f676bf7dcf3,eth,,0xa22cb465,,138373.73,6,0.00%,
0x0a4582d3d9ecbab80a66dad8a881be3b771d3e5b,op,,0x74399021,,11583606.6,6,0.00%,
0xba12222222228d8ba445958a75a0704d566bf2c8,matic,,0x945bcec9,,33441.39667,6,0.00%,
0x86ceee5d55ae2670c94a6005ad4a3890a1885cfc,eth,,0x6a761202,,0,6,0.00%,
0x794a61358d6845594f94dc1db02a252b5b4814ad,matic,,0x69328dec,,152127.67,6,0.00%,
0x25f8087ead173b73d6e8b84329989a8eea16cf73,eth,,0xa9059cbb,,1711569.01,6,0.00%,
0xc01154b4ccb518232d6bbfc9b9e6c5068b766f82,eth,,0x095ea7b3,,76431.775,6,0.00%,
0xacf63e56fd08970b43401492a02f6f38b6635c91,eth,,0xa22cb465,,77991.41,6,0.00%,
0xb86e490e72f050c424383d514362dc61dabb1cc3,eth,,0x3cac7222,,2074.68,6,0.00%,
0x1231deb6f5749ef6ce6943a275a1d3e7486f4eae,bsc,,0xed178619,,97225.31118,6,0.00%,
0x427a8f2e608e185eece69aca15e535cd6c36aad8,op,,0xa22cb465,,20716.30667,6,0.00%,
0xffc5c0fd34f9c1ba75838fa535a484a2b789e934,eth,,0x095ea7b3,,166522.3996,6,0.00%,
0x59745774ed5eff903e615f5a2282cae03484985a,arb,,0x095ea7b3,,47695.7539,6,0.00%,
0x505d9c8d4f47031871bd8e6b9c5db74289ac9a74,matic,,0x379607f5,,287111.5533,6,0.00%,
0xcf13b1564ffe1a1749ea9838f5222393e7a526f5,eth,,0xa22cb465,,5557.935,6,0.00%,
0x03ff0ff224f904be3118461335064bb48df47938,bsc,,0x095ea7b3,,82849.01517,6,0.00%,
0x00000000000000adc04c56bf30ac9d3c0aaf14dc,matic,,0xf2d12b12,,101580.1943,6,0.00%,
0x00000000a6dcb65cff59202b627b628c288769d7,eth,,0xa578002a,,182423.545,6,0.00%,
0x000000000022d473030f116ddee9f6b43ac78ba3,arb,,0x87517c45,,121101.742,6,0.00%,
0x1111111254eeb25477b68fb85ed929f73a960582,base,,0x2d9a56f6,,1573020.64,6,0.00%,
0x74165b89fd8e9b91a109a4e71662f27eeba61e98,bsc,,0x6bbad70e,,3884330.313,6,0.00%,
0xe08895b7ccad796936cb3126d88d12692611ab59,avax,,0x7acb7757,,143747.835,6,0.00%,
0xa37809e5bc4c51052066c59526aee361e86bb58a,bsc,,0xe5e4a1a6,,5790.385,6,0.00%,
0xd664b74274dfeb538d9bac494f3a4760828b02b0,eth,,0xadc9740c,,6213864.508,6,0.00%,
0xf94e7d0710709388bce3161c32b4eea56d3f91cc,eth,,0x095ea7b3,,132232.459,6,0.00%,
0x26f3901ac8a79c50fb0d8289c74f0d09adc42e29,base,,0x095ea7b3,,33585.74,6,0.00%,
0x45a58482c3b8ce0e8435e407fc7d34266f0a010d,arb,,0x172cfa4c,,489158.66,6,0.00%,
0xde1e598b81620773454588b85d6b5d4eec32573e,linea,,0x55c99cd8,,34537.202,6,0.00%,
0x71eb4239e6b8c081b2945e65245da1e19a03c785,arb,,0x8fed0b2c,,227769.908,6,0.00%,
0x1776e1f26f98b1a5df9cd347953a26dd3cb46671,eth,,0xa9059cbb,,1720519.82,6,0.00%,
0x6733f0283711f225a447e759d859a70b0c0fd2bc,eth,,0x2e17de78,,342697.198,6,0.00%,
0xfd505702b37ae9b626952eb2dd736d9045876417,zksync,,0x7dc20382,,5335.376667,6,0.00%,
0xd85e038593d7a098614721eae955ec2022b9b91b,arb,,0xba087652,,3180541.22,6,0.00%,
0x80bb30d62a16e1f2084deae84dc293531c3ac3a1,arb,,0x095ea7b3,,298860.575,6,0.00%,
0x9f7dc808ae9c08aff2bf71cb846b52236403e9a9,op,,0xc00007b0,,444698.76,6,0.00%,
0x500756c7d239aee30f52c7e52af4f4f008d1a98f,arb,,0x095ea7b3,,1468308.71,6,0.00%,
0xc17374e2c8febabf509f2671f5fb8aaac3236031,eth,,0x1feed31f,,120651.25,6,0.00%,
0x9e8e9d6b0d24216f59043db68bdda1620892f549,arb,,0xb8bd1c6b,,1586.01,6,0.00%,
0x061a883e8c2feffb4f3ea42046abd4be88e1333f,base,,0x51905636,,11530.64,6,0.00%,
0x10498cbbe46946ca5b0d86cb5a5b225000a7a3a7,base,,0x7d649845,,49184.18,6,0.00%,
0x0c847f03b4ed4f65ef622630a907bdc616e88eb4,eth,,0x828d4cba,,273394.5525,6,0.00%,
0xac1bd2486aaf3b5c0fc3fd868558b082a531b2b4,base,,0xa9059cbb,,36466.64,6,0.00%,
0x0000000002f4dd78ba85fe4b662983816c9ae95f,op,,0xc9ccb402,,109553.815,6,0.00%,
0x76c48576822cd955c320f5d5a163e738dbfecc01,base,,0x2e1a7d4d,,398711.4933,6,0.00%,
0x539bde0d7dbd336b79148aa742883198bbf60342,arb,,0xd505accf,,36466.64,6,0.00%,
0x1ecdb32e59e948c010a189a0798c674a2d0c6603,eth,,0x0b8aacb9,,7610011.36,6,0.00%,
0xd85e038593d7a098614721eae955ec2022b9b91b,arb,,0xa8abe905,,3180541.22,6,0.00%,
0x3a23f943181408eac424116af7b7790c94cb97a5,eth,,0x0000019f,,431313.804,6,0.00%,
0xc3671e7e875395314bbad175b2b7f0ef75da5339,bsc,,0xb1a1a882,,99846.72667,6,0.00%,
0x64848eefbc2921102a153b08fa64536ae1f8e937,zksync,,0xa8809485,,28938.5675,6,0.00%,
0x36b73d268a441164ea0e4e5560a579573a475ebf,eth,,0xa22cb465,,50371.918,6,0.00%,
0xa8f688cab6a1674041c435da9d077f39a9c7e57a,arb,,0x84bb1e42,,5094648.1,6,0.00%,
0x102442a3ba1e441043154bc0b8a2e2fb5e0f94a7,arb,,0x573ade81,,197208.94,6,0.00%,
0x4993e9d7c2c76760ac1cbd1674d44152a59daaed,arb,,0x095ea7b3,,30723.5075,6,0.00%,
0xe4c8d341570ed4e23798e238a92673ebab787775,op,,0x3612e78a,,21718.5625,6,0.00%,
0xbfbcfe8873fe28dfa25f1099282b088d52bbad9c,arb,,0x095ea7b3,,265893.863,6,0.00%,
0xb2617246d0c6c0087f18703d576831899ca94f01,eth,,0x23b872dd,,36466.64,6,0.00%,
0x7e7a0e201fd38d3adaa9523da6c109a07118c96a,matic,,0xc2288147,,145525.3451,6,0.00%,
0x15f20f9dfdf96ccf6ac96653b7c0abfe4a9c9f0f,eth,,0xa9059cbb,,3404573,6,0.00%,
0x6acdfd8bd4f5ac6f5e0ca54024663c251e9cf0f4,arb,,0x2e1a7d4d,,224133.97,6,0.00%,
0xb96d40386dab182b9f52eaeac5fe5ca9103914fb,arb,,0x1249c58b,,22630.43333,6,0.00%,
0xee2e16911e68ad9cb1bad0c4d3c5dff4425c99b8,arb,,0x507730c3,,0,6,0.00%,
0x00000000edb4489cb49fe07246f39345c9f838cd,base,,0xc9ccb402,,197208.94,6,0.00%,
0xe3f2b1b2229c0333ad17d03f179b87500e7c5e01,matic,,0xa9059cbb,,102798.604,6,0.00%,
0xa2b726b1145a4773f68593cf171187d8ebe4d495,bsc,,0x23b872dd,,36466.64,6,0.00%,
0xd5f7838f5c461feff7fe49ea5ebaf7728bb0adfa,eth,,0xa9059cbb,,155099.69,6,0.00%,
0x1370562aef5394097edaf8c6edf07a859e04e2db,base,,0x01,,3111.14,6,0.00%,
0x52eceef3d56c64129e3f58b4229072b9bc1c5d22,base,,0x40c10f19,,41055.502,6,0.00%,
0x44971abf0251958492fee97da3e5c5ada88b9185,eth,,0x095ea7b3,,63757.44022,6,0.00%,
0x12b7a6dd3a3dfde6a0f112a1bd876f704d933915,arb,,0xbd5ad2d4,,28886.62,6,0.00%,
0xd538be6e9026c13d130c9e17d509e69c8bb0ef33,linea,,0xf448a616,,12622.67,6,0.00%,
0x00cbcf7b3d37844e44b888bc747bdd75fcf4e555,arb,,0x23b872dd,,36466.64,6,0.00%,
0x4691937a7508860f876c9c0a2a617e7d9e945d4b,eth,,0xa9059cbb,,1727533.82,6,0.00%,
0x8898b472c54c31894e3b9bb83cea802a5d0e63c6,eth,,0x93f18ac5,,138357.12,6,0.00%,
0xeeecde100b55f135a40ca9d92a52bd7723235814,eth,,0xa22cb465,,74280.49333,6,0.00%,
0xc9c747cce579959e53ba4cb5615d8783d4753450,eth,,0xd4a4a92a,,117392.032,6,0.00%,
0x01df6fb6a28a89d6bfa53b2b3f20644abf417678,op,,0xa49f9516,,13503.49286,6,0.00%,
0x61a35258107563f6b6f102ae25490901c8760b12,eth,,0x23b872dd,,36466.64,6,0.00%,
0x289ba1701c2f088cf0faf8b3705246331cb8a839,arb,,0x095ea7b3,,39669.14521,6,0.00%,
0xa1faa113cbe53436df28ff0aee54275c13b40975,eth,,0xa9059cbb,,3404573,6,0.00%,
0x388a954c6b7282427aa2e8af504504fa6ba89432,arb,,0x31c36e78,,4103301.577,6,0.00%,
0x7915f087685fffd71608e5d118f3b70c27d9ef4e,eth,,0x8bf122da,,33538.49167,6,0.00%,
0x9cf0ab1cc434db83097b7e9c831a764481dec747,eth,,0xa22cb465,,47714.246,6,0.00%,
0xd77b108d4f6cefaa0cae9506a934e825becca46e,arb,,0x23b872dd,,36466.64,6,0.00%,
0x063c80ce841aa623b8c1b97f9859811090d4f3b7,base,,0x82cee55c,,3226312.76,6,0.00%,
0xa298a96d74f427c320dc35c24d66622c846128e0,linea,,0xd975481f,,32878.915,6,0.00%,
0x7c6cc4fc9f054f851aa9ae3577087f00e017db5a,base,,0x01,,83453.08,6,0.00%,
0x77640cf3f89a4f1b5ca3a1e5c87f3f5b12ebf87e,eth,,0x23b872dd,,2302.46,6,0.00%,
0xa995ad25ce5eb76972ab356168f5e1d9257e4d05,zksync,,0x095ea7b3,,38809.202,6,0.00%,
0xe28b3b32b6c345a34ff64674606124dd5aceca30,eth,,0x23b872dd,,36466.64,6,0.00%,
0x71eaf68c2a23b7bd78db4987c3ecdb41c3b3b388,base,,0x379607f5,,545522.25,6,0.00%,
0x6ac331b603373d0006d72d3a3159b4c35e1006e8,arb,,0xff91bb34,,105003.8967,6,0.00%,
0x0d438f3b5175bebc262bf23753c1e53d03432bde,eth,,0xa9059cbb,,3404573,6,0.00%,
0x1231deb6f5749ef6ce6943a275a1d3e7486f4eae,avax,,0x9feb6731,,33031.0075,6,0.00%,
0x083f1b2242fae0ab52b0c521dd489139f0dfecaf,eth,,0x1d02f109,,349010.645,6,0.00%,
0x3a23f943181408eac424116af7b7790c94cb97a5,base,,0x0000018e,,156548.2275,6,0.00%,
0x8ef0b6a7bfe84e4da55d7c70e5f556f135527b7c,zksync,,0xb510391f,,28562.19167,6,0.00%,
0x1e4b7a6b903680eab0c5dabcb8fd429cd2a9598c,matic,,0x02c5fcf8,,197208.94,6,0.00%,
0xdfde78d2baec499fe18f2be74b6c287eed9511d7,eth,,0xa22cb465,,97091.802,6,0.00%,
0x430ef9263e76dae63c84292c3409d61c598e9682,eth,,0x23b872dd,,36466.64,6,0.00%,
0xdff4cd6d5c257f40d6d182a072fc08242c55c77a,eth,,0x095ea7b3,,52881.1775,6,0.00%,
0x191c10aa4af7c30e871e70c95db0e4eb77237530,arb,,0x23b872dd,,36466.64,6,0.00%,
0xc143bbfcdbdbed6d454803804752a064a622c1f3,eth,,0x23b872dd,,2302.46,6,0.00%,
0xd9a442856c234a39a81a089c06451ebaa4306a72,eth,,0xa9059cbb,,36466.64,6,0.00%,
0xc36442b4a4522e871399cd717abdd847ab11fe88,op,,0xac9650d8,,759350.3679,6,0.00%,
0xb4315e873dbcf96ffd0acd8ea43f689d8c20fb30,arb,,0x8efc2b2c,,78958.81857,6,0.00%,
0xec5461aa3a8cac1095b04d00ac7cabab87a2a7ec,base,,0x9dbb844d,,14071.202,6,0.00%,
0x1fde0d2f44539789256d94d1784a86bf77d66dd0,eth,,0x441a3e70,,100366.244,6,0.00%,
0x710287d1d39dcf62094a83ebb3e736e79400068a,eth,,0xa9059cbb,,42489.356,6,0.00%,
0x4200000000000000000000000000000000000006,base,,0xa9059cbb,,636050.0667,6,0.00%,
0xd4a0e0b9149bcee3c920d2e00b5de09138fd8bb7,base,,0x095ea7b3,,25208.66333,6,0.00%,
0x74312363e45dcaba76c59ec49a7aa8a65a67eed3,eth,,0x2295f9bf,,34687.06,6,0.00%,
0x5976d4c3bcfc1c5f90ab1419d7f3ddf109cea35a,op,,0x095ea7b3,,654186.508,6,0.00%,
0xd9c79b111d2737013f1af210f6687a9fa7852b49,arb,,0x3d18b912,,108518.46,6,0.00%,
0xf19308f923582a6f7c465e5ce7a9dc1bec6665b1,eth,,0x635d70f4,,138357.12,6,0.00%,
0xa7df60785e556d65292a2c9a077bb3a8fbf048bc,eth,,0x2e7ba6ef,,166287.535,6,0.00%,
0xb7bfcca7d7ff0f371867b770856fac184b185878,eth,,0x08cc9abc,,96641.17,6,0.00%,
0xc64a931356e0e25c280224b80fa4c87e6131e1d6,linea,,0x095ea7b3,,14221.41667,6,0.00%,
0xfa12447b080a0fc9a905cd30036e527158ef92a2,avax,,0x372500ab,,1362627.95,6,0.00%,
0x9dd329f5411466d9e0c488ff72519ca9fef0cb40,arb,,0x4d49e87d,,359712.425,6,0.00%,
0xfd1b0b0dfa524e1fd42e7d51155a663c581bbd50,eth,,0xa22cb465,,31776.044,6,0.00%,
0xdbe88dbac39263c47629ebba02b3ef4cf0752a72,eth,,0x3d417d2d,,10129193.1,6,0.00%,
0xf931331f15c95b211f9915050b3b07241d0561e7,eth,,0xe0e716c4,,41816.215,6,0.00%,
0xe49dee5353bea74caf65089237005198a14f7c83,op,,0x3927ef8a,,2372.57063,6,0.00%,
0x1231deb6f5749ef6ce6943a275a1d3e7486f4eae,bsc,,0x8bf6ef99,,127752.0189,6,0.00%,
0xe95a203b1a91a908f9b9ce46459d101078c2c3cb,eth,,0x23b872dd,,36466.64,6,0.00%,
0x6fd8e343c107a24bd6b8ac19b56d9aeb967c0131,eth,,0xa22cb465,,54082.196,6,0.00%,
0xa10483cb6e30763725bf8bb4343e29222bb9ce07,eth,,0x40c10f19,,19185.56,6,0.00%,
0xbcfeb7d29bb1b40c6ea3a9e3d0822a79819d63f3,base,,0xd2645d20,,1735572.67,6,0.00%,
0xff053fd22dc082f3c19ee474515346bf529f01a6,arb,,0x93619dd1,,38602.855,6,0.00%,
0xdc46c1e93b71ff9209a0f8076a9951569dc35855,base,,0x095ea7b3,,55522.71,6,0.00%,
0x5be754ad77766089c4284d914f0cc37e8e3f669a,arb,,0x1d6ee8eb,,6064564.41,6,0.00%,
0xe0176ba60efddb29cac5b15338c9962daee9de0c,eth,,0xa22cb465,,77014.494,6,0.00%,
0x5d56b6581d2e7e7574adce2dc593f499a53d7505,eth,,0x095ea7b3,,60047.156,6,0.00%,
0x09e18590e8f76b6cf471b3cd75fe1a1a9d2b2c2b,arb,,0x23b872dd,,36466.64,6,0.00%,
0xdcbf4cb83d27c408b30dd7f39bfcabd7176b1ba3,arb,,0x095ea7b3,,29956.75,6,0.00%,
0x0de05f6447ab4d22c8827449ee4ba2d5c288379b,eth,,0xa9059cbb,,3404573,6,0.00%,
0xb6a37b5d14d502c3ab0ae6f3a0e058bc9517786e,eth,,0x42842e0e,,36466.64,5,0.00%,
0x8c237520a8e14d658170a633d96f8e80764433b9,eth,,0x053f6a70,,2935958,5,0.00%,
0xbf3922a0cebbcd718e715e83d9187cc4bba23f11,zksync,,0x29723511,,35106.87,5,0.00%,
0x670d4dd2e6badfbbd372d0d37e06cd2852754a04,eth,,0xa22cb465,,31665.8,5,0.00%,
0x0bc89aa98ad94e6798ec822d0814d934ccd0c0ce,bsc,,0x095ea7b3,,2935958,5,0.00%,
0xc0874b4b9a1bae857b054936167f8ef79257a757,eth,,0x8a2ecb4d,,2098370.072,5,0.00%,
0xdef171fe48cf0115b1d80b88dc8eab59176fee57,matic,,0x2298207a,,160566.543,5,0.00%,
0xb31f66aa3c1e785363f0875a1b74e27b85fd66c7,avax,,0xd0e30db0,,48087.05667,5,0.00%,
0xfd389dc9533717239856190f42475d3f263a270d,op,,0x095ea7b3,,152549.8,5,0.00%,
0x2cfcaff3289142e79173b856293d6128b6bd05c6,arb,,0x5b166123,,3918.79,5,0.00%,
0xe3b53af74a4bf62ae5511055290838050bf764df,base,,0x2e15238c,,58892.53667,5,0.00%,
0xb8067235c9b71feec069af151fdf0975dfbdfba5,bsc,,0x095ea7b3,,4839854.857,5,0.00%,
0x4c674b318b27c4061fc94660922f504a4db6ae79,base,,0x095ea7b3,,413121.302,5,0.00%,
0x8d23aa61e3c9d994050db10c0a7bd6eba3dedb66,eth,,0x5b88349d,,46384.96,5,0.00%,
0x4a986910bdee2e1206f757db4ec1d617464f29e1,base,,0xa0712d68,,22800.04,5,0.00%,
0xef4fb24ad0916217251f553c0596f8edc630eb66,linea,,0xb9303701,,152525.0345,5,0.00%,
0x8512c0c23fa937f6d3257f759e45dd7f52536a58,arb,,0x6451abd0,,3918.79,5,0.00%,
0xaf88d065e77c8cc2239327c5edb3a432268e5831,eth,,0x095ea7b3,,311763.306,5,0.00%,
0xe04d9e9ccdf65eb1db51e56c04bee4c8582edb73,matic,,0xaea64c38,,13532.6525,5,0.00%,
0x35bd01fc9d6d5d81ca9e055db88dc49aa2c699a8,eth,,0x23b872dd,,36466.64,5,0.00%,
0xe99ead648fb2893d1cfa4e8fe8b67b35572d2581,arb,,0xb17acdcd,,147676.495,5,0.00%,
0xdd782657af86492771bdb369caeb8c246be362f5,eth,,0xa9059cbb,,3404573,5,0.00%,
0x80e38291e06339d10aab483c65695d004dbd5c69,linea,,0x94ec6d78,,20950.25,5,0.00%,
0x78f414436148b8588bdee4771ea5eb75148668aa,arb,,0xac9650d8,,571629.715,5,0.00%,
0xd07379a755a8f11b57610154861d694b2a0f615a,base,,0x095ea7b3,,42834.97333,5,0.00%,
0xc9316435aef3762f25d2d0a31ec95fe4e6798085,arb,,0xdc7fd8fe,,72199.58167,5,0.00%,
0xd2ce52833a2a70cf6255c6374bc44525a0fb93d8,arb,,0x2e1a7d4d,,11583606.6,5,0.00%,
0xc8d8f5937ed9dbb39505ea4179a96b90c5f3a149,arb,,0xb6b55f25,,329435.11,5,0.00%,
0xbfc36408c42c028a7fb784962bb64a93e7387fe4,eth,,0x095ea7b3,,55469.1775,5,0.00%,
0xbf47540eb3c1404dbcf61ca47dfa2d4c8e78c533,base,,0x1249c58b,,74685.462,5,0.00%,
0x5de869e3e62b0fb2c15573246ba3bb3fd97a2275,eth,,0x095ea7b3,,15226.7368,5,0.00%,
0x82af49447d8a07e3bd95bd0d56f35241523fbab1,arb,,0xd505accf,,36466.64,5,0.00%,
0x00000000009726632680fb29d3f7a9734e3010e2,op,,0x55e4b7be,,38814.92742,5,0.00%,
0x0000000000c2d145a2526bd8c716263bfebe1a72,base,,0x32389b71,,675849.8384,5,0.00%,
0x3f29cb4111cbda8081642da1f75b3c12decf2516,eth,,0x5a7b87f2,,4184758.66,5,0.00%,
0xdef171fe48cf0115b1d80b88dc8eab59176fee57,arb,,0xb22f4db8,,6731667.811,5,0.00%,
0x27848ae0154d7d705f3924b2ea9411a024c96c8b,matic,,0x16f60557,,43982.425,5,0.00%,
0xeb0e2f857cec0a8183db1fe03f982b5bd63f2c7c,eth,,0x8340f549,,10225262.1,5,0.00%,
0x0b6613d5c2809fd20ef0ada385516e105e48db0d,eth,,0x6a761202,,4502.86,5,0.00%,
0x9ae380f0272e2162340a5bb646c354271c0f5cfc,eth,,0x095ea7b3,,126428.135,5,0.00%,
0x2ff2f1d9826ae2410979ae19b88c361073ab0918,arb,,0xac9650d8,,2448.25,5,0.00%,
0x7dfb5e7808b5eb4fb8b9e7169537575f6ff1a218,base,,0xa0712d68,,60071.30333,5,0.00%,
0x8a5f9a6b653ecbdb406f9eb5f0c8ddba10919aec,base,,0x095ea7b3,,47367.1455,5,0.00%,
0x50002cdfe7ccb0c41f519c6eb0653158d11cd907,eth,,0xca23bb4c,,181134.5175,5,0.00%,
0xe8196181c5fe192b83c5ca34be910d93d691d935,eth,,0x095ea7b3,,60939.52333,5,0.00%,
0x3a23f943181408eac424116af7b7790c94cb97a5,arb,,0xc3540448,,235447.23,5,0.00%,
0xa58e81fe9b61b5c3fe2afd33cf304c454abfc7cb,eth,,0xc47f0027,,5220.12,5,0.00%,
0x09f77e8a13de9a35a7231028187e9fd5db8a2acb,arb,,0x9e71b0f0,,1142026.03,5,0.00%,
0xc5167bb07916b6b420ecb1cedb13ada491deeaf3,eth,,0x02327c0a,,7634444.54,5,0.00%,
0x9280df579cea690caf5c31601cb71564bb6fa6b7,base,,0xc00007b0,,197208.94,5,0.00%,
0xb0557906c617f0048a700758606f64b33d0c41a6,bsc,,0x095ea7b3,,39036.06,5,0.00%,
0x20577896ea6113ed8c94b2f08f3893bdc08eba22,eth,,0xa22cb465,,113467.8667,5,0.00%,
0x771ef0171514f9fdd67c71f1d801fa095bb7c484,op,,0x2e1a7d4d,,834321.5,5,0.00%,
0x980b5f5a669ad847177610b838e2d448543e6cac,eth,,0x1feed31f,,47651.854,5,0.00%,
0x23daf34e2b9af02a74dc19cb52af727b19403874,eth,,0xfa15b91b,,51459.46,5,0.00%,
0x55a8f6c6b3aa58ad6d1f26f6afeded78f32e19f4,eth,,0x095ea7b3,,23780.54333,5,0.00%,
0x70a073b626b2d33593f5fb01cffecdea491b6ef4,avax,,0x91d27f71,,1362627.95,5,0.00%,
0xe0b0af14d5eecc2a7d7d723208593379e349a25c,eth,,0x095ea7b3,,53705.1125,5,0.00%,
0x02704ed8b5a8e817f354d59432e115e0d8053394,eth,,0x9c421449,,3226312.76,5,0.00%,
0xa02d547512bb90002807499f05495fe9c4c3943f,matic,,0x095ea7b3,,107890.66,5,0.00%,
0x72c59a67657ac561aa1c0b192333524dfd807f57,base,,0x095ea7b3,,336843.904,5,0.00%,
0xc03d38f89b175596859c99eab231d31e1808358c,eth,,0x095ea7b3,,806.838689,5,0.00%,
0x7dfb5e7808b5eb4fb8b9e7169537575f6ff1a218,bsc,,0x1249c58b,,16879.544,5,0.00%,
0xd74f5255d557944cf7dd0e45ff521520002d5748,arb,,0x095ea7b3,,471106.08,5,0.00%,
0x3e67cc2c7fff86d9870db9d02c43e789b52fb296,eth,,0x17a566e4,,0,5,0.00%,
0xff202313e26974cfc4ab0121c485ba54303a2e41,op,,0x9c421449,,3226312.76,5,0.00%,
0xca10e8825fa9f1db0651cd48a9097997dbf7615d,op,,0xfd594a08,,28957.385,5,0.00%,
0xec93d9d55faaad1ce1fb6ccbfc7478ca14534147,zksync,,0xb49004e9,,492.64,5,0.00%,
0xc636c1f678df0a834ad103196338cb7dd1d194ff,arb,,0x095ea7b3,,43767.505,5,0.00%,
0x0e9da98191551c417d25bebe69f2cbe47dfb186f,op,,0x095ea7b3,,76676.61,5,0.00%,
0x9a26f5433671751c3276a065f57e5a02d2817973,base,,0x095ea7b3,,148317.975,5,0.00%,
0x5946aeaab44e65eb370ffaa6a7ef2218cff9b47d,eth,,0xa22cb465,,61434.388,5,0.00%,
0x607f4c5bb672230e8672085532f7e901544a7375,eth,,0xa9059cbb,,3404573,5,0.00%,
0x25e4bb016c07c72a04ec03bfcb0de7926b3b8e31,base,,0x095ea7b3,,12417.24,5,0.00%,
0x868c41bbb610f95f0f8646b87df5abd6501f13b4,arb,,0x2ae1c67e,,0,5,0.00%,
0x4c01df6b9be381ba2a687d0ed5c40039deeaf0a9,base,,0x095ea7b3,,545522.25,5,0.00%,
0xcecce97529effc360f68b3f26eef4ad74ebf5705,bsc,,0x8fe965b3,,318119.34,5,0.00%,
0xf55b0f6f2da5ffddb104b58a60f2862745960442,eth,,0x095ea7b3,,199164.152,5,0.00%,
0xa3aee8bce55beea1951ef834b99f3ac60d1abeeb,eth,,0x42842e0e,,42032.30333,5,0.00%,
0xeb233d4d1d756469a2c7f0b42034d0507d744542,eth,,0xc0b09e5b,,20972889.6,5,0.00%,
0xafccb724e3aec1657fc9514e3e53a0e71e80622d,arb,,0x095ea7b3,,326249.838,5,0.00%,
0x792ef8a2fbf8cd9ea1046ae9f948139998be79b6,ftm,,0x52add018,,3226312.76,5,0.00%,
0xabbc5f99639c9b6bcb58544ddf04efa6802f4064,arb,,0xabe68eaa,,1142026.03,5,0.00%,
0x5cd77c282c30e7c8c23c4d9e3f128713ba3f87f6,base,,0x45368181,,2597922.97,5,0.00%,
0x8b34b14c7c7123459cf3076b8cb929be097d0c07,eth,,0x4870496f,,2343904.85,5,0.00%,
0x67de8310f082cc3e7fffdd4e13d39312860c2aaa,arb,,0xa05e7bea,,6490488.72,5,0.00%,
0x6733f0283711f225a447e759d859a70b0c0fd2bc,eth,,0x095ea7b3,,84083.73667,5,0.00%,
0x25ab3efd52e6470681ce037cd546dc60726948d3,bsc,,0xdecf2a48,,58381.04667,5,0.00%,
0x00000000009726632680fb29d3f7a9734e3010e2,op,,0x999b6464,,18916.684,5,0.00%,
0x325b3e2c19f4900f8f4eb5f6872dc2715e77cbac,base,,0x8d8818af,,60088.974,5,0.00%,
0x31d45de84fde2fb36575085e05754a4932dd5170,eth,,0x23b872dd,,2302.46,5,0.00%,
0x89deb6c8918a42457bd6ddbcaaf979216c4d774c,eth,,0x095ea7b3,,55583.1575,5,0.00%,
0x2c7e82641f03fa077f88833213210a86027f15dc,arb,,0xd8defd15,,197208.94,5,0.00%,
0xf7e96217347667064dee8f20db747b1c7df45dde,arb,,0xa11b1198,,20260.196,5,0.00%,
0x3d320286e014c3e1ce99af6d6b00f0c1d63e3000,eth,,0x379607f5,,267984.045,5,0.00%,
0x1db2466d9f5e10d7090e7152b68d62703a2245f0,op,,0x095ea7b3,,8367339.23,5,0.00%,
0x6adba454f045884b0e1873d4198711c1e26cd6e9,eth,,0xdb663cec,,2361192.48,5,0.00%,
0x8b34b14c7c7123459cf3076b8cb929be097d0c07,eth,,0x8c3152e9,,2343904.85,5,0.00%,
0x059edd72cd353df5106d2b9cc5ab83a52287ac3a,eth,,0x42842e0e,,96641.17,5,0.00%,
0x535a6ec0e5139e9657c67df572e466460eedf0e3,eth,,0x23b872dd,,2302.46,5,0.00%,
0x70c575588b98c1f46b1382c706adaf398a874e3e,matic,,0x44315a19,,127175.535,5,0.00%,
0x5427fefa711eff984124bfbb1ab6fbf5e3da1820,eth,,0xa5977fbb,,11309.704,5,0.00%,
0x60927b83ddd2096f38f22a8a2d84cf863402d1a1,eth,,0x095ea7b3,,283334.91,5,0.00%,
0xdd90e5e87a2081dcf0391920868ebc2ffb81a1af,bsc,,0xa5977fbb,,25333.5625,5,0.00%,
0x3bf2922f4520a8ba0c2efc3d2a1539678dad5e9d,eth,,0xa22cb465,,39790.19,5,0.00%,
0x6dd5f0038474dc29a0adc6ad34d37b0ba53e5435,eth,,0x095ea7b3,,284041.135,5,0.00%,
0xa069add2d093f9df0e82ab64ec7dd0320cb4f65d,eth,,0x095ea7b3,,211680.058,5,0.00%,
0xd402e48d1ce4a3d0fcd3d76aa7fb62f30c2fbbc6,arb,,0x0a72298e,,99905.93333,5,0.00%,
0x868d69875bf274e7bd3d8b97b1acd89dbdeb67af,base,,0x9629300c,,11583606.6,5,0.00%,
0xe261d618a959afffd53168cd07d12e37b26761db,matic,,0x095ea7b3,,14506.43,5,0.00%,
0x37c5ab57af7100bdc9b668d766e193ccbf6614fd,arb,,0x26a38e64,,11583606.6,5,0.00%,
0xaa03dad9d458a0e220444e3c874fd766aa41055c,eth,,0x1feed31f,,328195.012,5,0.00%,
0xe715c620a7810263c5f8fc1d2aa4392dcf4aadd4,base,,0xd88a0d43,,22800.04,5,0.00%,
0x9e9fbde7c7a83c43913bddc8779158f1368f0413,eth,,0xa22cb465,,136198.445,5,0.00%,
0xb0a9760ec78d122b3929299dacb0a6124656c3ad,base,,0x74420f4c,,22800.04,5,0.00%,
0x62253f7c165e34fd7343b37839bf5186a9e21d4a,eth,,0xfc879b86,,10129193.1,5,0.00%,
0x7f36182dee28c45de6072a34d29855bae76dbe2f,eth,,0x23b872dd,,2302.46,5,0.00%,
0x526b3d92ff55263dd24e3e14ccd0f5c2dab81d3b,base,,0x2e1a7d4d,,126773.92,5,0.00%,
0xa21bdb222f91e80744232d76142f8334ece0c25c,base,,0x82cee55c,,3226312.76,5,0.00%,
0x1f9840a85d5af5bf1d1762f925bdaddc4201f984,eth,,0xd505accf,,36466.64,5,0.00%,
0x669c01caf0edcad7c2b8dc771474ad937a7ca4af,eth,,0x095ea7b3,,89168.68,5,0.00%,
0x650b940a1033b8a1b1873f78730fcfc73ec11f1f,bsc,,0x23b872dd,,36466.64,5,0.00%,
0x934899352fcdedeec81c57694dc940e8c25c4737,eth,,0x095ea7b3,,139172.1643,5,0.00%,
0xac59f7e7e5da0dc4f416a7aeff7a49ac284f10ca,arb,,0x23b872dd,,1411.2,5,0.00%,
0xfdd9d122b451f549f48c4942c6fa6646d849e8c1,arb,,0xa22cb465,,64291.03,5,0.00%,
0x160e07e42adbc1fce92d505b579bcd8a3fbea77d,zksync,,0x095ea7b3,,12535.81333,5,0.00%,
0x4070c044abc8d9d22447dfe4b032405970878d06,arb,,0xb72df5de,,11583606.6,5,0.00%,
0xf0e1abd2257a2e91827f475f1e23e87a628afcd9,eth,,0x095ea7b3,,158634.9767,5,0.00%,
0xd10bb73b2a6fac80f9270f8180c7258328a365c3,op,,0x82cee55c,,3226312.76,5,0.00%,
0xa9266057778df119cddb45225c5e6fb98a8e945b,bsc,,0x095ea7b3,,281071.41,5,0.00%,
0xb398284a3c9bed26b5ff28f620a3d04dbdec2c80,base,,0xa0712d68,,68339.975,5,0.00%,
0xf3a43307dcafa93275993862aae628fcb50dc768,eth,,0x095ea7b3,,363881.46,5,0.00%,
0x5815a5663320f68e2d368cc117d660f79862c19d,arb,,0x095ea7b3,,224761.4033,5,0.00%,
0x67f4c72a50f8df6487720261e188f2abe83f57d7,eth,,0x095ea7b3,,286344.49,5,0.00%,
0x33bddb2b4196f078ba81aa1213b8a32f42a2bc22,bsc,,0x7b0472f0,,2383.52,5,0.00%,
0xea14fb44f85650d06d505966b1d02ca1f599b823,eth,,0xa22cb465,,13152.702,5,0.00%,
0x375abb85c329753b1ba849a601438ae77eec9893,eth,,0x095ea7b3,,88246.102,5,0.00%,
0x0ab87046fbb341d058f17cbc4c1133f25a20a52f,eth,,0x095ea7b3,,628236.4067,5,0.00%,
0x3a23f943181408eac424116af7b7790c94cb97a5,eth,,0x00000009,,8878.704,5,0.00%,
0xd50cf00b6e600dd036ba8ef475677d816d6c4281,bsc,,0x69328dec,,502782.26,5,0.00%,
0x1b6f2d3844c6ae7d56ceb3c3643b9060ba28feb0,bsc,,0x703085c7,,166828.21,5,0.00%,
0x46abb88ae1f2a35ea559925d99fdc5441b592687,base,,0xeb4aa7bb,,834321.5,5,0.00%,
0x78a087d713be963bf307b18f2ff8122ef9a63ae9,base,,0x095ea7b3,,35890.89,5,0.00%,
0x369d7b51bc81d69a3e8c313f036594504d1edda0,bsc,,0xa22cb465,,301508.35,5,0.00%,
0x6466f27b169c908ba8174d80aefa7173cbc3d0c7,eth,,0x422feecb,,2082176.562,5,0.00%,
0x678aa4bf4e210cf2166753e054d5b7c31cc7fa86,linea,,0x5ae401dc,,78151.64556,5,0.00%,
0xeaabc25cd9902295350f7a594453dd237d01ca93,eth,,0x02327c0a,,7642.823333,5,0.00%,
0x84beb95095033483fa195907497c77b31ba510e2,eth,,0xa628e86b,,243645.9,5,0.00%,
0xaec23140408534b378bf5832defc426df8604b59,bsc,,0x3ce33bff,,3359.986667,5,0.00%,
0x6ffb77205a54efa12dfc5ecaa3070913f75a74f9,arb,,0xb6b55f25,,217277.92,5,0.00%,
0x1d20a51f088492a0f1c57f047a9e30c9ab5c07ea,eth,,0x42842e0e,,29773.03333,5,0.00%,
0xda7c0de432a9346bb6e96ac74e3b61a36d8a77eb,arb,,0x095ea7b3,,19880.2801,5,0.00%,
0xef4fb24ad0916217251f553c0596f8edc630eb66,avax,,0xb9303701,,152525.0345,5,0.00%,
0x067c6e30607107ae9f438ba800e30584161b81a7,arb,,0xf5d37812,,2591878.1,5,0.00%,
0xa2cd3d43c775978a96bdbf12d733d5a1ed94fb18,eth,,0xa9059cbb,,1190.74,5,0.00%,
0x6685fcfce05e7502bf9f0aa03b36025b09374726,eth,,0xb72df5de,,8015175.92,5,0.00%,
0x2e85ae1c47602f7927bcabc2ff99c40aa222ae15,eth,,0x23b872dd,,36466.64,5,0.00%,
0x04e9db37d8ea0760072e1ace3f2a219988fdac29,zksync,,0xa0712d68,,12339.44333,5,0.00%,
0x21ac3bb914f90a2bb1a16088e673a9fdda641434,bsc,,0x095ea7b3,,39089.73333,5,0.00%,
0xd9d74a29307cc6fc8bf424ee4217f1a587fbc8dc,eth,,0x29723511,,39005.84789,5,0.00%,
0x0e9fa491b5327500e2cb4f21dd6852c0edf21c10,arb,,0x4e71d92d,,42272.3,5,0.00%,
0x0000000000000000000000000000000000000804,moonbeam,,0xb9f813ff,,25247.32,5,0.00%,
0xd9b78a2f1dafc8bb9c60961790d2beefebee56f4,eth,,0xa22cb465,,45677.855,5,0.00%,
0x93dc5cb35627a759848c7a7f0079ea7b49e435a5,base,,0x095ea7b3,,424765.155,5,0.00%,
0x39ee2c7b3cb80254225884ca001f57118c8f21b6,eth,,0xa22cb465,,6041.726667,5,0.00%,
0x847e696ac0a0dff058cc34b04725fc3d2ed686cb,eth,,0x23b872dd,,2302.46,5,0.00%,
0x0aefad19aa454bcc1b1dd86e18a7d58d0a6fac38,arb,,0xd1abb907,,325333.3067,5,0.00%,
0x0ac6eadaee073e7d24a2ecefedcae3f5c4c69b60,eth,,0x8340f549,,97872.86,5,0.00%,
0xfbd849e6007f9bc3cc2d6eb159c045b8dc660268,arb,,0x65fc3873,,14536.532,5,0.00%,
0x000000000007ee3671914a485384e0f394d5b75c,base,,0x6bc63893,,58938.016,5,0.00%,
0xe0c38b2a8d09aad53f1c67734b9a95e43d5981c0,eth,,0x7c025200,,524839.4689,5,0.00%,
0xc5990790f28aec6c5bda469cf7052b996c36ba7f,eth,,0xa22cb465,,40876.735,5,0.00%,
0x19330d10d9cc8751218eaf51e8885d058642e08a,arb,,0x6fd3504e,,147940.918,5,0.00%,
0x37ae6608d007ff40b6c533f2c0fd62962c2a14ac,zksync,,0xf648253d,,10156.69333,5,0.00%,
0x55d398326f99059ff775485246999027b3197955,bsc,,0x39509351,,2383.52,5,0.00%,
0xd7cabef2c1fd77a31c5ba97c724b82d3e25fc83c,base,,0xdbe5f2fb,,12506.73,5,0.00%,
0x0032f5e1520a66c6e572e96a11fbf54aea26f9be,arb,,0xfcd3533c,,251724.646,5,0.00%,
0xb9061e38fee7d30134f56aef7117e2f6d1580666,zksync,,0xb80c2f09,,15118.51,5,0.00%,
0x8442dd3e5529063b43c69212d64d5ad67b726ea6,eth,,0x23b872dd,,2302.46,5,0.00%,
0x00000000009726632680fb29d3f7a9734e3010e2,arb,,0x999b6464,,18916.684,5,0.00%,
0x38e3c4b74c00c181537aca0863d31e156cba02e2,base,,0x9940686e,,337683.2225,5,0.00%,
0x52352040b5262d64973b004d031bc041720aa434,eth,,0x23b872dd,,2302.46,5,0.00%,
0x1ecdb32e59e948c010a189a0798c674a2d0c6603,eth,,0xef706adf,,47098.6742,5,0.00%,
0x89d584a1edb3a70b3b07963f9a3ea5399e38b136,eth,,0x095ea7b3,,110423.41,5,0.00%,
0xcc788c0495894c01f01cd328cf637c7c441ee69e,zksync,,0x0d537e8d,,118503.162,5,0.00%,
0x09986b4e255b3c548041a30a2ee312fe176731c2,arb,,0x2c452098,,3918.79,5,0.00%,
0x00000000005bbb0ef59571e58418f9a4357b68a0,arb,,0xb00f09d7,,4647327.84,5,0.00%,
0x2bca0300c2aa65de6f19c2d241b54a445c9990e2,eth,,0xe687854f,,612646.6867,5,0.00%,
0x0ed3a1d45dfdcf85bcc6c7bafdc0170a357b974c,eth,,0x095ea7b3,,2067887.968,5,0.00%,
0xb2ea51baa12c461327d12a2069d47b30e680b69d,bsc,,0x095ea7b3,,230701.63,5,0.00%,
0x009dbfee9e155766af434ed1652ca3769b05e76f,op,,0x54c25e4b,,7627658.33,5,0.00%,
0xc3bb52e6118f05dd8ad4e1c1a1398281cd7c4c7f,eth,,0xb4b62609,,842367.095,5,0.00%,
0xf8b1378579659d8f7ee5f3c929c2f3e332e41fd6,eth,,0x21425ee0,,264938.412,5,0.00%,
0x0ec68c5b10f21effb74f2a5c61dfe6b08c0db6cb,eth,,0x3dca9c41,,3007460.188,5,0.00%,
0xc186fa914353c44b2e33ebe05f21846f1048beda,eth,,0x0ee28a88,,127523.606,5,0.00%,
0x942fcd5cebddea72a755e1f39c3e0df332dab140,eth,,0x2b85ba38,,36466.64,5,0.00%,
0xf029ed11ba7642db2068e0d3d9b9d07cedd9aa42,base,,0x33939871,,374864.583,5,0.00%,
0xf4ee108bf08afc4d8846e04f8c0bb48093dde45f,base,,0x095ea7b3,,1362627.95,5,0.00%,
0x59cd1c87501baa753d0b5b5ab5d8416a45cd71db,eth,,0xd505accf,,36466.64,5,0.00%,
0x323665443cef804a3b5206103304bd4872ea4253,matic,,0x07abceb7,,17170.72,5,0.00%,
0x4a364f8c717caad9a442737eb7b8a55cc6cf18d8,linea,,0xe2bbb158,,46212.414,5,0.00%,
0xbdab72602e9ad40fc6a6852caf43258113b8f7a5,eth,,0x095ea7b3,,536447.7525,5,0.00%,
0xdce704a0622a8437200cb6076ee69b2cf573827c,base,,0x095ea7b3,,46054.28,5,0.00%,
0xce16f69375520ab01377ce7b88f5ba8c48f8d666,avax,,0x846a1bc6,,112449.6894,5,0.00%,
0xce4dcc5028588377e279255c0335effe2d7ab72a,eth,,0x1e83409a,,30362172.7,5,0.00%,
0x0fc0c323cf76e188654d63d62e668cabec7a525b,arb,,0x095ea7b3,,54733.3454,5,0.00%,
0xeb4f5c4bf62fac1be7e4bef9c7c055bf1c52241d,eth,,0x095ea7b3,,149910.573,5,0.00%,
0x2e660787bceccd39f67b8190a5bc4fc3ad3b64f7,arb,,0xa22cb465,,6725.866,5,0.00%,
0x9200536a28b0bf5d02b7d8966cd441edc173de61,zksync,,0x9039c639,,26522.24,5,0.00%,
0x910d3c72c5177c3f1bfb0863b793ec23fa7f6990,arb,,0x095ea7b3,,194399.755,5,0.00%,
0xc60e33b114131e9dd577bc6bebf29c44c8c38600,op,,0x2d81a78e,,488502.985,5,0.00%,
0x0be808376ecb75a5cf9bb6d237d16cd37893d904,linea,,0x2646478b,,7645434.32,5,0.00%,
0xe35e9842fceaca96570b734083f4a58e8f7c5f2a,arb,,0x1186ec33,,218544.858,5,0.00%,
0xa5e0829caced8ffdd4de3c43696c57f7d7a678ff,matic,,0x791ac947,,395051.685,5,0.00%,
0x4736808151268507a40eb6ac92d67345e8301a74,eth,,0x8132b321,,73487.392,5,0.00%,
0xf544251d25f3d243a36b07e7e7962a678f952691,base,,0x095ea7b3,,423414.115,5,0.00%,
0x7e92985a88b628393558782e35f617ac4b10c92e,eth,,0xa22cb465,,37386.685,5,0.00%,
0x219ceb8108d00dfb60d60eb4c0907f313a81893c,arb,,0xfb4d364c,,0,5,0.00%,
0xc76d53f988820fe70e01eccb0248b312c2f1c7ca,eth,,0xa9059cbb,,3404573,5,0.00%,
0x4229c271c19ca5f319fb67b4bc8a40761a6d6299,base,,0x095ea7b3,,62402.36333,5,0.00%,
0x67b8afddb494c16b779e6f23e1de5dbf3437f857,eth,,0xa22cb465,,49444.25867,5,0.00%,
0xce18e5b19cd4430bd793fb59a598b3ab4427b0e4,eth,,0x095ea7b3,,9905.445,5,0.00%,
0xecd4bd3121f9fd604ffac631bf6d41ec12f1fafb,arb,,0x474cf53d,,1409.705,5,0.00%,
0x0af32614eea68b8d2232b9592fbdb6512ab6da73,op,,0x095ea7b3,,444698.76,5,0.00%,
0xabe9d0e4ad08e605d57a0c10f9d13e0e7283ea50,eth,,0xa22cb465,,44544.25,5,0.00%,
0x0bd0e39db7f3557ae9c071209b7b26808157a0aa,arb,,0x6bc63893,,69813.32,5,0.00%,
0xedc12675d9e50df023eecbcf59b3e69c95835f72,base,,0x095ea7b3,,1362627.95,5,0.00%,
0xfc5a1a6eb076a2c7ad06ed22c90d7e710e35ad0a,arb,,0xa9059cbb,,18702.7272,5,0.00%,
0x9e32b13ce7f2e80a01932b42553652e053d6ed8e,eth,,0x095ea7b3,,160182.304,5,0.00%,
0x2626664c2603336e57b271c5c0b26f421741e481,base,,0xac9650d8,,435912.52,5,0.00%,
0xbdb9f7f0b1c3b09bb28a7fdead3f8bb25527e65b,op,,0x9dbb844d,,0,5,0.00%,
0x9f79f5e3d260810281d9b1c67c2a0b7f8ddc2423,op,,0xc00007b0,,834321.5,5,0.00%,
0x15171985343846c987917180ba426e7034c00db8,eth,,0x23b872dd,,2302.46,5,0.00%,
0x79ebc9a2ce02277a4b5b3a768b1c0a4ed75bd936,bsc,,0x23b872dd,,36466.64,5,0.00%,
0x7dd9c5cba05e151c895fde1cf355c9a1d5da6429,eth,,0xa9059cbb,,179302.47,5,0.00%,
0x3a23f943181408eac424116af7b7790c94cb97a5,eth,,0xc3540448,,235447.23,5,0.00%,
0x2006d991b75707559a9c45fdb296c5a7a50ea38b,matic,,0x095ea7b3,,350455.715,5,0.00%,
0x7aada103f7852c7e7da61e100d6277a3fd199b58,eth,,0xa22cb465,,34928.094,5,0.00%,
0x3808e8c983023a125ffe2714e2a703a3bf02be0d,arb,,0x32f530a7,,12506.73,5,0.00%,
0x93b346b6bc2548da6a1e7d98e9a421b42541425b,arb,,0x095ea7b3,,834321.5,5,0.00%,
0x0ddaeb3cff09ef98f06d73c25e7505862e05daab,op,,0x52b94e4d,,51298.24,5,0.00%,
0xc059a531b4234d05e9ef4ac51028f7e6156e2cce,eth,,0xe1c8455d,,21078.414,5,0.00%,
0x9295ee1d8c5b022be115a2ad3c30c72e34e7f096,matic,,0x1186ec33,,140451.836,5,0.00%,
0x94c1201e12d5773410c35fe509dd0f4bb440d39d,eth,,0xf3aed331,,1703544.34,5,0.00%,
0xc5db68f30d21cbe0c9eac7be5ea83468d69297e6,zksync,,0xdb006a75,,25836.6625,5,0.00%,
0x18381c0f738146fb694de18d1106bde2be040fa4,zksync,,0xfb3bdb41,,56150.85333,5,0.00%,
0xfee9c0a1fe38e56494b913786534760165b495ab,base,,0xb6b55f25,,11583606.6,5,0.00%,
0xaf667811a7edcd5b0066cd4ca0da51637db76d09,arb,,0x88720467,,61951.13444,5,0.00%,
0xae2df9f730c54400934c06a17462c41c08a06ed8,bsc,,0x095ea7b3,,25071.24,5,0.00%,
0x210dddfe9440567dd0c96d97cb72a7123074c0a1,eth,,0x23b872dd,,2302.46,5,0.00%,
0x48fa7528bfd6164ddf09df0ed22451cf59c84130,arb,,0x9a4896fe,,37518.0225,5,0.00%,
0x1a59eec501745ad6bdfc37558ddacb38ca5a8c48,eth,,0x095ea7b3,,235573.424,5,0.00%,
0xfa391de95fcbcd3157268b91d8c7af083e607a5c,eth,,0x1ebc263f,,221530.282,5,0.00%,
0x62bb95bfc64c4896136c2c010310524c82fbcdd8,base,,0x095ea7b3,,272758.745,5,0.00%,
0x58fb30a61c218a3607e9273d52995a49ff2697ee,eth,,0x095ea7b3,,48167.1665,5,0.00%,
0x920cf626a271321c151d027030d5d08af699456b,op,,0x095ea7b3,,173141.99,5,0.00%,
0x018602173a73ad5a9117f9ef9e250c4d23539a1c,eth,,0x1361a46d,,19942.1,5,0.00%,
0xec3492a2508ddf4fdc0cd76f31f340b30d1793e6,avax,,0x095ea7b3,,233769.41,5,0.00%,
0x3a23f943181408eac424116af7b7790c94cb97a5,eth,,0x000001a1,,139065.716,5,0.00%,
0x8fd4af47e4e63d1d2d45582c3286b4bd9bb95dfe,op,,0xe8eda9df,,197208.94,5,0.00%,
0xe48a3d7d0bc88d552f730b62c006bc925eadb9ee,bsc,,0x095ea7b3,,8414696.59,5,0.00%,
0x1231deb6f5749ef6ce6943a275a1d3e7486f4eae,arb,,0x8fab0663,,1334306.337,5,0.00%,
0x05e31a691405d06708a355c029599c12d5da8b28,ftm,,0x095ea7b3,,34953.79,5,0.00%,
0x40834a402b9013f1fd7575eaba84e1589205099d,base,,0x095ea7b3,,398711.4933,5,0.00%,
0x75c143460f6e3e22f439dff947e25c9ccb72d2e8,arb,,0xdee4dea0,,83939.83333,5,0.00%,
0x9a38dec0590abc8c883d72e52391090e948ddf12,eth,,0xa22cb465,,9404.075,5,0.00%,
0xc218e15a8aaf6ac596efa58f1b4f728ea39bd1c6,zksync,,0x0da13cf3,,9545.405,5,0.00%,
0xc06a5d3014b9124bf215287980305af2f793eb30,arb,,0x6256c38e,,60616.62333,5,0.00%,
0x3a19498d431366c9c8037ee1b4b1e1d42b59ea66,base,,0xe0e716c4,,128766.72,5,0.00%,
0x7eeb9b28833934aa9f79da82d29aebfa29b779f3,eth,,0xa22cb465,,42133.242,5,0.00%,
0x81ae349eeaeab7d031ed591bb60ab50d1639653a,arb,,0x1f931c1c,,3557.3,5,0.00%,
0x6ad53e80ba75dd5fde3200f4267995afe141950d,eth,,0x095ea7b3,,109958.999,5,0.00%,
0x33bd3859141eeb7fcf8d71a9a52f554c6ca5a278,base,,0xb6b55f25,,398711.4933,5,0.00%,
0x28fc411f9e1c480ad312b3d9c60c22b965015c6b,base,,0x095ea7b3,,31245.65,5,0.00%,
0x4b0f1812e5df2a09796481ff14017e6005508003,bsc,,0x095ea7b3,,127623.605,5,0.00%,
0x1bdaf9ddd7658d8049391971d1fd48c0484f66ec,bsc,,0x095ea7b3,,118533.968,5,0.00%,
0x3a23f943181408eac424116af7b7790c94cb97a5,eth,,0x00000005,,367061.96,5,0.00%,
0xb688ba096b7bb75d7841e47163cd12d18b36a5bf,arb,,0x095ea7b3,,297783.56,5,0.00%,
0x53c0de201cab0b3f74ea7c1d95bd76f76efd12a9,zksync,,0x13df2c7a,,26522.24,5,0.00%,
0x4079d84889e0e1ac22beec60dc8e5e7b621bf55d,base,,0x271ea7ca,,48294.616,5,0.00%,
0x3d666422ffd721e3999395c2a25dc880d785a72a,eth,,0x23b872dd,,2302.46,5,0.00%,
0xca10e8825fa9f1db0651cd48a9097997dbf7615d,arb,,0xfd594a08,,28957.385,5,0.00%,
0xe1dc516b1486aba548eecd2947a11273518434a4,eth,,0xa22cb465,,41239.00667,5,0.00%,
0x14fee680690900ba0cccfc76ad70fd1b95d10e16,eth,,0x23b872dd,,36466.64,5,0.00%,
0x743494393d802ac25c39d7882b10d7fd08293686,eth,,0x095ea7b3,,156468.324,5,0.00%,
0x7fc66500c84a76ad7e9c93437bfc5ac33e2ddae9,eth,,0x095ea7b3,,163566.572,5,0.00%,
0x80c7dd17b01855a6d2347444a0fcc36136a314de,base,,0xfc6f7865,,54740.545,5,0.00%,
0x4e15361fd6b4bb609fa63c81a2be19d873717870,eth,,0x095ea7b3,,71771.0131,5,0.00%,
0x29469395eaf6f95920e59f858042f0e28d98a20b,eth,,0x2e2fb18b,,34879.41,5,0.00%,
0xd6489eaf13f61822356f30618e1d9947fa1ef46f,ftm,,0x30b70002,,734.31,5,0.00%,
0x72c590349535ad52e6953744cb2a36b409542719,eth,,0xc3c854b6,,13795098.9,5,0.00%,
0x7a560269480ef38b885526c8bbecdc4686d8bf7a,arb,,0xf564f0ae,,135522.27,5,0.00%,
0x3f72ba80fa36938dbe9a78af6520bcec0392ca3f,eth,,0x7ac096a5,,32111.234,5,0.00%,
0xa1290d69c65a6fe4df752f95823fae25cb99e5a7,eth,,0xa9059cbb,,21925.105,5,0.00%,
0xdb5c6b73cb1c5875995a42d64c250bf8bc69a8bc,eth,,0xe11013dd,,19311.24,5,0.00%,
0x3cf04a380e54fa4ed31ea48acb9132ea35e2e8d9,base,,0x095ea7b3,,197208.94,5,0.00%,
0x2e9d63788249371f1dfc918a52f8d799f4a38c94,eth,,0x095ea7b3,,212817.945,5,0.00%,
0x73186f2cf2493f20836b17b21ae79fc12934e207,arb,,0x8dbdbe6d,,359712.425,5,0.00%,
0x6dea81c8171d0ba574754ef6f8b412f2ed88c54d,eth,,0xa9059cbb,,3404573,5,0.00%,
0x18385240632282bb38c2f6f279c9c2735da38cf6,eth,,0x51905636,,89842.83,5,0.00%,
0xf0cb2dc0db5e6c66b9a70ac27b06b878da017028,arb,,0x095ea7b3,,7652680.35,5,0.00%,
0xa684cd057951541187f288294a1e1c2646aa2d24,arb,,0x095ea7b3,,47403.4643,5,0.00%,
0x477a3d269266994f15e9c43a8d9c0561c4928088,eth,,0x095ea7b3,,202957.163,5,0.00%,
0x0000000895cb182e6f983eb4d8b4e0aa0b31ae4c,eth,,0x379607f5,,58890.69,5,0.00%,
0x41c914ee0c7e1a5edcd0295623e6dc557b5abf3c,op,,0x32145f90,,690983.725,5,0.00%,
0xde715330043799d7a80249660d1e6b61eb3713b3,eth,,0x095ea7b3,,2978757.523,5,0.00%,
0xe841e6e68becfc54b621a23a41f8c1a829a4cf44,eth,,0x42842e0e,,36466.64,5,0.00%,
0x111111125421ca6dc452d289314280a0f8842a65,op,,0x83800a8e,,61373.32933,5,0.00%,
0xd22363e3762ca7339569f3d33eade20127d5f98c,op,,0x095ea7b3,,32554.8225,5,0.00%,
0xadb9d68c613df4aa363b42161e1282117c7b9594,arb,,0x6e4bb3b5,,153584.945,5,0.00%,
0xa21bdb222f91e80744232d76142f8334ece0c25c,base,,0x9c421449,,3226312.76,5,0.00%,
0xe50fa9b3c56ffb159cb0fca61f5c9d750e8128c8,matic,,0xd505accf,,36466.64,5,0.00%,
0x79358880570886d4197e3702746c78c85578b855,bsc,,0x0020311b,,97992.36,5,0.00%,
0xc49d27c4a520a71ff899de7aca9fb56794bb0f1e,eth,,0x825fa1e6,,491079.2867,5,0.00%,
0xb0b84d294e0c75a6abe60171b70edeb2efd14a1b,bsc,,0x095ea7b3,,193903.315,5,0.00%,
0x6864cc3b8cfdcfa8cfb22e9fe732cc6feff4e740,eth,,0xa22cb465,,19139.15667,5,0.00%,
0xb5c457ddb4ce3312a6c5a2b056a1652bd542a208,eth,,0x095ea7b3,,111138.0002,5,0.00%,
0x00000000e88649dd6aab90088ca25d772d4607d0,eth,,0x095ea7b3,,72628.804,5,0.00%,
0xce0e4e4d2dc0033ce2dbc35855251f4f3d086d0a,op,,0xcfc93274,,49185.66816,5,0.00%,
0x741b334b0690de44bce6c926a1f74ca69c95c80c,base,,0x84bb1e42,,47370.60507,5,0.00%,
0xf82537fb6c56a3b50092d3951f84f5f6c835b4f5,linea,,0x5ae401dc,,19113.12667,5,0.00%,
0x027ce48b9b346728557e8d420fe936a72bf9b1c7,eth,,0x095ea7b3,,19021.075,5,0.00%,
0x30672ae2680c319ec1028b69670a4a786baa0f35,eth,,0x095ea7b3,,73249.825,5,0.00%,
0x3c5d44dc1ba596604d2deef2775178a5983a7536,arb,,0xaad3ec96,,127279.01,5,0.00%,
0xb9acb5601c091b39960a6c4974b979483132b30a,arb,,0xaf8ab666,,61779.24333,5,0.00%,
0xa0ee7a142d267c1f36714e4a8f75612f20a79720,arb-sepolia,,0x7e01d9df,,0,5,0.00%,
0x0872ec4426103482a50f26ffc32acefcec61b3c9,linea,,0xa22cb465,,14489.07,5,0.00%,
0xc51abb9835ac274733c18cfeb9a196717d51f512,matic,,0x522f4bf8,,19339.5,5,0.00%,
0x6685fcfce05e7502bf9f0aa03b36025b09374726,eth,,0x1a4d01d2,,10640782.2,5,0.00%,
0xae56177e405929c95e5d4b04c0c87e428cb6432b,arb,,0xc062ef87,,123849.72,5,0.00%,
0x1111111254eeb25477b68fb85ed929f73a960582,avax,,0x0502b1c5,,506643.8184,5,0.00%,
0x8e0edfd6d15f858adbb41677b82ab64797d5afc0,eth,,0x768b7fc5,,13793.37,5,0.00%,
0x4a6b1f8872f08daf38d3b675937c7a59751ddbe1,avax,,0x095ea7b3,,3603.1,5,0.00%,
0x40a2accbd92bca938b02010e17a5b8929b49130d,eth,,0x8d80ff0a,,3557.3,5,0.00%,
0xa56be957d432a5d0edc040b27078d9726f54e7f6,base,,0x095ea7b3,,197208.94,5,0.00%,
0xa20cf9b0874c3e46b344deaeea9c2e0c3e1db37d,eth,,0xa22cb465,,166398.752,5,0.00%,
0x76e222b07c53d28b89b0bac18602810fc22b49a8,eth,,0x095ea7b3,,137778.394,5,0.00%,
0x5e62dd7d4008fd8a9da051b845d254c3e34e0503,base,,0xc8cc83a1,,0,5,0.00%,
0x8313f3551c4d3984ffbadfb42f780d0c8763ce94,ftm,,0xa183af52,,165881.09,5,0.00%,
0xfd72ba1944dd7b7e5829e33aa92dd7a149919f65,eth,,0x98a6e993,,40801.655,5,0.00%,
0x7b463415d67b013d5f1106fd3df048973bc214dd,eth,,0xa22cb465,,7838.409345,5,0.00%,
0x8319767a7b602f88e376368dca1b92d38869b9b4,base,,0x095ea7b3,,41823.594,5,0.00%,
0x78a0a62fba6fb21a83fe8a3433d44c73a4017a6f,eth,,0xa9059cbb,,20290.73,5,0.00%,
0x5a98fcbea516cf06857215779fd812ca3bef1b32,eth,,0x095ea7b3,,190521.105,5,0.00%,
0x49e050df648e9477c7545fe1779b940f879b787a,arb,,0x4e71d92d,,1173158.7,5,0.00%,
0x628cb4601cb45fb4dacde367041fc49a74da8020,base,,0xa22cb465,,108739.012,5,0.00%,
0x92e4f29be975c1b1eb72e77de24dccf11432a5bd,bsc,,0x7c025200,,331911.14,5,0.00%,
0x80c7dd17b01855a6d2347444a0fcc36136a314de,base,,0xac9650d8,,81808.74,5,0.00%,
0xc9ea7a2337f27935cd3ccfb2f725b0428e731fbf,ftm,,0x7715ee75,,689921.875,5,0.00%,
0x27702a26126e0b3702af63ee09ac4d1a084ef628,eth,,0x095ea7b3,,508449.73,5,0.00%,
0xb60acd2057067dc9ed8c083f5aa227a244044fd6,eth,,0xea598cb0,,120908.49,5,0.00%,
0x11f943b2c77b743ab90f4a0ae7d5a4e7fca3e102,zksync,,0xd9caed12,,54709.96,5,0.00%,
0x12652c6d93fdb6f4f37d48a8687783c782bb0d10,eth,,0x095ea7b3,,59585.01667,5,0.00%,
0x0802e70c3c9443123d984e241547ffc2d459f592,base,,0x4e71d92d,,10708.845,5,0.00%,
0x88e08adb69f2618adf1a3ff6cc43c671612d1ca4,eth,,0x095ea7b3,,19021.075,5,0.00%,
0xab085eef69a56491a6bb14a75e8cb39d219b723a,eth,,0xa22cb465,,81927.45,5,0.00%,
0x8313f3551c4d3984ffbadfb42f780d0c8763ce94,ftm,,0xa4d855df,,165881.09,5,0.00%,
0x4cc2c3518b1a5b782fa6c5bde80b7388fd8c674f,eth,,0x4a21a2df,,13270.06333,5,0.00%,
0x45a01e4e04f14f7a4a6702c74187c5f6222033cd,matic,,0xc4de93a5,,42005.625,5,0.00%,
0xbf63120ce5725f9b90a6c1b4b925384805a674bf,matic,,0x290c0b65,,2389828.18,5,0.00%,
0x8821bee2ba0df28761afff119d66390d594cd280,eth,,0xa22cb465,,71724.5675,5,0.00%,
0xb4a8d45647445ea9fc3e1058096142390683dbc2,base,,0xe0db3fcf,,2549852.963,5,0.00%,
0xe53ec727dbdeb9e2d5456c3be40cff031ab40a55,eth,,0x095ea7b3,,178206.4667,5,0.00%,
0xae99a698156ee8f8d07cbe7f271c31eeaac07087,eth,,0x23b872dd,,2302.46,5,0.00%,
0x15e57847c5eee553e0eaa247de0dffef28dd68eb,base,,0x7c9f0a77,,6096728.97,5,0.00%,
0xa849cd6239906f23b63ba34441b73a5c6eba8a00,eth,,0x095ea7b3,,151411.236,5,0.00%,
0x065e959ffd4c76ae2e0d31cfcf91c0c9834472ec,linea,,0x07432196,,117339.262,5,0.00%,
0x8fbce117257ce0fc1593d7e48d487b504a51f377,base,,0x9dbb844d,,45421.918,5,0.00%,
0xed5af388653567af2f388e6224dc7c4b3241c544,eth,,0xa22cb465,,385794.146,5,0.00%,
0x79db8c67d0c33203da4efb58f7d325e1e0d4d692,zksync,,0x095ea7b3,,8360.24,5,0.00%,
0x45882f9bc325e14fbb298a1df930c43a874b83ae,eth,,0xa22cb465,,45262.58333,5,0.00%,
0x89ca325bd05f851b2b91b3e9fb2d15a59d3d82c6,base,,0x095ea7b3,,145403.125,5,0.00%,
0x42069d11a2cc72388a2e06210921e839cfbd3280,eth,,0x095ea7b3,,109707.9217,5,0.00%,
0xa444ec96ee01bb219a44b285de47bf33c3447ad5,eth,,0x23b872dd,,36466.64,5,0.00%,
0xba30e5f9bb24caa003e9f2f0497ad287fdf95623,eth,,0xa22cb465,,7673.973333,5,0.00%,
0xbe51d38547992293c89cc589105784ab60b004a9,bsc,,0xe56461ad,,7362.4875,5,0.00%,
0xaded4a1c5a6be96156876ed973c2093c08ffb6ff,arb,,0x095ea7b3,,389136.6533,5,0.00%,
0x05ee4eee70452dd555ecc3f997ea03c6fba29ac1,bsc,,0x073b1422,,81812.06667,5,0.00%,
0xebf418fe2512e7e6bd9b87a8f0f294acdc67e6b4,base,,0x35b0f6bd,,1286521.757,5,0.00%,
0x00000000000e1a99dddd5610111884278bdbda1d,base,,0xef76678a,,18835.53933,5,0.00%,
0xe36abcb529786bc36f8b07434562fa6f6007348d,arb,,0xa13c3b46,,3918.79,5,0.00%,
0x16980b3b4a3f9d89e33311b5aa8f80303e5ca4f8,eth,,0x095ea7b3,,629669.785,5,0.00%,
0x4a83afe2fb59293b0fcb454a33f90a3741ca5a34,eth,,0x4a21a2df,,11894.65,5,0.00%,
0x7448c7456a97769f6cd04f1e83a4a23ccdc46abd,eth,,0xa9059cbb,,3404573,5,0.00%,
0x5946aeaab44e65eb370ffaa6a7ef2218cff9b47d,eth,,0xe449f341,,2040.56,5,0.00%,
0x1111111254eeb25477b68fb85ed929f73a960582,arb,,0x0502b1c5,,506643.8184,5,0.00%,
0x1231deb6f5749ef6ce6943a275a1d3e7486f4eae,arb,,0xbab657d8,,1295374.71,5,0.00%,
0xaaa86b908a3b500a0de661301ea63966923a97b1,arb,,0x379607f5,,503331.76,5,0.00%,
0xdcc24121bae131f952b09a08e65b95642f093794,base,,0x2e1a7d4d,,778364.62,5,0.00%,
0xed1167b6dc64e8a366db86f2e952a482d0981ebd,eth,,0x095ea7b3,,207819.77,5,0.00%,
0x5ea49ff332b7ad99c486347c1c2bcc73d1e22b9b,eth,,0x095ea7b3,,178444.01,5,0.00%,
0x134b50a34a2a56d1dad865a7a7d0f6534c8c4586,linea,,0x43d1a89b,,10180.325,5,0.00%,
0x8853f0c059c27527d33d02378e5e4f6d5afb574a,base,,0x095ea7b3,,115960.258,5,0.00%,
0xaaa2564deb34763e3d05162ed3f5c2658691f499,arb,,0x310bd74b,,503331.76,5,0.00%,
0xae23b6e7f91ddebd3b70d74d20583e3e674bd94f,zksync,,0x9caf2b97,,37426.7975,5,0.00%,
0x036676389e48133b63a802f8635ad39e752d375d,eth,,0x72c51c0b,,3551450.137,5,0.00%,
0xaef205261d6b9b44f58d0c96a6d48f0a5c01542d,eth,,0x8ba4df9a,,221511.68,5,0.00%,
0xa6b816010ab51e088c4f19c71aba87e54b422e14,eth,,0xe2bbb158,,147730.455,5,0.00%,
0x14ad01d5f496e9c40358629f6a95a7c3b5c4b767,arb,,0x42842e0e,,84386.48,5,0.00%,
0x111111125421ca6dc452d289314280a0f8842a65,eth,,0xb68fb020,,92840.77167,5,0.00%,
0xd9e1ce17f2641f24ae83637ab66a2cca9c378b9f,eth,,0x38ed1739,,14131.29804,5,0.00%,
0x5f0388ebc2b94fa8e123f404b79ccf5f40b29176,bsc,,0x23b872dd,,36466.64,5,0.00%,
0x692ac1e363ae34b6b489148152b12e2785a3d8d6,matic,,0x095ea7b3,,106980.012,5,0.00%,
0x3a23f943181408eac424116af7b7790c94cb97a5,base,,0x00000184,,318149.8394,5,0.00%,
0x9e2ceda38d2202582ec02f337ddf5c3daedb20f3,eth,,0x57bc3d78,,21601.625,5,0.00%,
0xa062ae8a9c5e11aaa026fc2670b0d65ccc8b2858,op,,0x903638a4,,173158.725,5,0.00%,
0xa6da7d01d33a05770461bb416b968c37928d97f4,arb,,0x05a10028,,0,5,0.00%,
0x5d9dba2d0ec06f44da7e234cbb0d7ba921834ae8,arb,,0x4641257d,,148239.688,5,0.00%,
0x58b6a8a3302369daec383334672404ee733ab239,eth,,0x095ea7b3,,31851.355,5,0.00%,
0x5c2c422b844b145c2245e3d252e8fe43e3fd8679,zksync,,0x1249c58b,,56746.98,5,0.00%,
0xaaaf3d9cdd3602d117c67d80eec37a160c8d9869,avax,,0x7ac09bf7,,545522.25,5,0.00%,
0x25ab3efd52e6470681ce037cd546dc60726948d3,op,,0xc8173c44,,119849.522,5,0.00%,
0xa026ad2ceda16ca5fc28fd3c72f99e2c332c8a26,bsc,,0x095ea7b3,,692982.016,5,0.00%,
0x1ecdb32e59e948c010a189a0798c674a2d0c6603,eth,,0xf564f0ae,,62975.455,5,0.00%,
0x0c73f1cfd5c9dfc150c8707aa47acbd14f0be108,eth,,0xc00007b0,,15210460.5,5,0.00%,
0x5af0d9827e0c53e4799bb226655a1de152a425a5,eth,,0x42842e0e,,58382.58,5,0.00%,
0xb3ed0a426155b79b898849803e3b36552f7ed507,bsc,,0x095ea7b3,,5850419.015,5,0.00%,
0xd85e038593d7a098614721eae955ec2022b9b91b,arb,,0x095ea7b3,,147676.495,5,0.00%,
0x60e254e35dd712394b3aba7a1d19114732e143dd,eth,,0x095ea7b3,,115017.443,5,0.00%,
0x7a63846d7c1f2718cd548df853746ca2e81b61d2,arb,,0xcbc50245,,5861641.92,5,0.00%,
0x52629961f71c1c2564c5aa22372cb1b9fa9eba3e,arb,,0xa2e44593,,8832.686667,5,0.00%,
0x1ab3d612ea7df26117554dddd379764ebce1a5ad,eth,,0x095ea7b3,,584434.265,5,0.00%,
0x1231deb6f5749ef6ce6943a275a1d3e7486f4eae,arb,,0xca360ae0,,47600.6443,5,0.00%,
0xdef171fe48cf0115b1d80b88dc8eab59176fee57,bsc,,0xa6886da9,,562907.9242,5,0.00%,
0xaaa343032aa79ee9a6897dab03bef967c3289a06,arb,,0x095ea7b3,,158181.8867,5,0.00%,
0x5f6a505af7785fc18cdb35080d89b2c0bb2bb533,eth,,0x1d02f109,,50707.642,5,0.00%,
0x2ec705d306b51e486b1bc0d6ebee708e0661add1,eth,,0x7ff36ab5,,18756.775,5,0.00%,
0xd5a597d6e7ddf373a92c8f477daaa673b0902f48,avax,,0xc2288147,,228699.049,5,0.00%,
0xfdb192fb0213d48ecdf580c1821008d8c46bdbd7,base,,0xf242432a,,66338.52333,5,0.00%,
0x498bf2b1e120fed3ad3d42ea2165e9b73f99c1e5,arb,,0x095ea7b3,,5890407.76,5,0.00%,
0x579a3bde631c3d8068cbfe3dc45b0f14ec18dd43,eth,,0xc6878519,,572671.935,5,0.00%,
0x18385240632282bb38c2f6f279c9c2735da38cf6,arb,,0xa22cb465,,60299.45,5,0.00%,
0xf3f04555f8fda510bfc77820fd6eb8446f59e72d,avax,,0x1eb1cff0,,1620599.832,5,0.00%,
0xf4308b0263723b121056938c2172868e408079d0,eth,,0x095ea7b3,,132014.663,5,0.00%,
0xb4315e873dbcf96ffd0acd8ea43f689d8c20fb30,avax,,0xe038e6dc,,0,5,0.00%,
0xd7cabef2c1fd77a31c5ba97c724b82d3e25fc83c,base,,0x1f1cc5bc,,513246.24,5,0.00%,
0x300d2c875c6fb8ce4bf5480b4d34b7c9ea8a33a4,bsc,,0x095ea7b3,,545522.25,5,0.00%,
0xecaf81eb42cd30014eb44130b89bcd6d4ad98b92,base,,0x095ea7b3,,36537.15667,5,0.00%,
0xd14cb56763ef92a17d1d26303acb35683ac467d8,eth,,0x23b872dd,,2302.46,5,0.00%,
0x46e6b214b524310239732d51387075e0e70970bf,base,,0x110496e5,,57853.088,5,0.00%,
0x4f2540e751a77cf18b6a67ce85466e47c222da4f,op,,0x07e96a95,,14768.1875,5,0.00%,
0x9d87ff196646a99bddb16876066aa863900118b4,eth,,0xf9afb26a,,610887.1067,5,0.00%,
0x1231deb6f5749ef6ce6943a275a1d3e7486f4eae,op,,0x8bf6ef99,,127752.0189,5,0.00%,
0x9ff4ea8b1f867312979d81d0deda50347e36b629,arb,,0x17a566e4,,7043.41,5,0.00%,
0x5f98805a4e8be255a32880fdec7f6728c6568ba0,eth,,0x095ea7b3,,10467192.77,5,0.00%,
0x7fb7ede54259cb3d4e1eaf230c7e2b1ffc951e9a,arb,,0x095ea7b3,,132366.653,5,0.00%,
0xe82343a116d2179f197111d92f9b53611b43c01c,op,,0xf41b2db6,,98559.58,5,0.00%,
0x3eb879cc9a0ef4c6f1d870a40ae187768c278da2,eth,,0x97a998f3,,11583606.6,5,0.00%,
0x0fd0c5984a65e08a86547d3b1c1ea29f0d86e7da,linea,,0x4d3a5992,,14221.41667,5,0.00%,
0x7f59b64c6ee521c0d7e590cf8e4b843caa236f96,eth,,0x095ea7b3,,227701.63,5,0.00%,
0x9dd329f5411466d9e0c488ff72519ca9fef0cb40,arb,,0x3e3a1560,,359712.425,5,0.00%,
0x3a23f943181408eac424116af7b7790c94cb97a5,arb,,0x00000197,,1088041.779,5,0.00%,
0x5babfc2f240bc5de90eb7e19d789412db1dec402,base,,0xa9059cbb,,1992.4,5,0.00%,
0x6873e99fb85de770cc89fa37bc9c859fc2ebaf60,eth,,0xa22cb465,,14801.7275,5,0.00%,
0xd10bb73b2a6fac80f9270f8180c7258328a365c3,op,,0x9c421449,,3226312.76,5,0.00%,
0x690c111c62f605ba386ec2e8579e72c1a9e411e0,arb,,0x282d3fdf,,2935958,5,0.00%,
0x4c80e24119cfb836cdf0a6b53dc23f04f7e652ca,base,,0x095ea7b3,,29286.868,5,0.00%,
0x00000f312c54d0dd25888ee9cdc3dee988700000,ftm,,0x065573f8,,36466.64,5,0.00%,
0x791b648aa3bd21964417690c635040f40ce974a5,arb,,0x2ef23f45,,3346.216667,5,0.00%,
0xc7517f481cc0a645e63f870830a4b2e580421e32,arb,,0x5eac6239,,5861641.92,5,0.00%,
0x2520e62474ba3085693f856b3e93fa6c92a4ef48,eth,,0x23b872dd,,2302.46,5,0.00%,
0x7cb1b38591021309c64f451859d79312d8ca2789,base,,0x9629300c,,11583606.6,5,0.00%,
0x0f7ee90ee0f350d661826aaf28dafee90b2768fb,arb,,0x48c54b9d,,30948.05,5,0.00%,
0xc6cd41a04768c473360e2394471c59635264a8ba,bsc,,0xb6b55f25,,93235.13,5,0.00%,
0x750c3a0a0ce9984eeb8c5d146dff024b584e5e33,eth,,0x095ea7b3,,144412.3325,5,0.00%,
0x0000000000c2d145a2526bd8c716263bfebe1a72,op,,0x32389b71,,675849.8384,5,0.00%,
0x3d9e2d8af6ff16a62217c8a559ee5987c72acb86,base,,0x2e1a7d4d,,167676.675,5,0.00%,
0xebb5d4959b2fba6318fbda7d03cd44ae771fc999,avax,,0x095ea7b3,,3399.84,5,0.00%,
0x3a23f943181408eac424116af7b7790c94cb97a5,op,,0x00000196,,43964.92286,5,0.00%,
0x8e0b8c8bb9db49a46697f3a5bb8a308e744821d2,arb,,0x095ea7b3,,271630.355,5,0.00%,
0x1a1ec25dc08e98e5e93f1104b5e5cdd298707d31,avax,,0x5f575529,,22996.8992,5,0.00%,
0xd5abe236d2f2f5d10231c054e078788ea3447dfc,eth,,0xd6febde8,,62683.01667,5,0.00%,
0x893411580e590d62ddbca8a703d61cc4a8c7b2b9,eth,,0x02c5fcf8,,331458.8867,5,0.00%,
0x5a58505a96d1dbf8df91cb21b54419fc36e93fde,matic,,0x9981509f,,30368.045,5,0.00%,
0x9427c5a704dfbfecdf4227d11048d64cb6882d80,eth,,0x095ea7b3,,626.92,5,0.00%,
0xd511c5bedaff22390c6da217d33186a67e111213,zksync,,0xc4211db3,,67206.45,5,0.00%,
0x99c9fc46f92e8a1c0dec1b1747d010903e884be1,eth,,0xb1a1a882,,4817.1475,5,0.00%,
0xcb8fa9a76b8e203d8c3797bf438d8fb81ea3326a,op,,0x095ea7b3,,737680.315,5,0.00%,
0xfe14f790da92971131544d915c4ada6f1abce3bd,arb,,0x095ea7b3,,1126165.583,5,0.00%,
0x08b450e4a48c04cdf6db2bd4cf24057f7b9563ff,bsc,,0x095ea7b3,,473002.1167,5,0.00%,
0xade6fdaba1643e4d1eef68da7170f234470938c6,eth,,0x095ea7b3,,59410.3937,5,0.00%,
0xd9d74a29307cc6fc8bf424ee4217f1a587fbc8dc,arb,,0x46f506ad,,15131.6,5,0.00%,
0x9623063377ad1b27544c965ccd7342f7ea7e88c7,arb,,0x095ea7b3,,3067.595,5,0.00%,
0x54016a4848a38f257b6e96331f7404073fd9c32c,base,,0x095ea7b3,,303882.0667,5,0.00%,
0xf250bf5953b601e42e93226f7a9e4e8b9e7435af,bsc,,0xa22cb465,,9396.618,5,0.00%,
0xe7f6c3c1f0018e4c08acc52965e5cbff99e34a44,arb,,0x095ea7b3,,843969.365,5,0.00%,
0x2f6f07cdcf3588944bf4c42ac74ff24bf56e7590,avax,,0x095ea7b3,,91676.035,5,0.00%,
0xbc396689893d065f41bc2c6ecbee5e0085233447,eth,,0xa9059cbb,,3404573,5,0.00%,
0xaaa87963efeb6f7e0a2711f397663105acb1805e,arb,,0x0dede6c4,,114982.07,5,0.00%,
0x1e0b2992079b620aa13a7c2e7c88d2e1e18e46e9,eth,,0x23b872dd,,36466.64,5,0.00%,
0x6533afac2e7bccb20dca161449a13a32d391fb00,arb,,0x23b872dd,,36466.64,5,0.00%,
0x3939fe986301784f1b0746ee71f4f38950f2a45e,eth,,0x23b872dd,,2302.46,5,0.00%,
0x1464ebbf9ecd642d42db8e8827919fdd4a786987,op,,0xfaf85090,,1586.01,5,0.00%,
0xbef5d404548fab05820e64f92cf043b6a06f9c72,base,,0x095ea7b3,,400524.086,5,0.00%,
0x142e03367ede17cd851477a4287d1f35676e6dc2,eth,,0xf90a82c8,,6121.68,5,0.00%,
0x6a7eff1e2c355ad6eb91bebb5ded49257f3fed98,eth,,0x23b872dd,,36466.64,5,0.00%,
0x769272677fab02575e84945f03eca517acc544cc,eth,,0xa22cb465,,8413.425,5,0.00%,
0xb23d80f5fefcddaa212212f028021b41ded428cf,eth,,0xf104489f,,2946.18,5,0.00%,
0x39a3920ca05e238d558f0c1786314bca647d1b39,matic,,0xa694fc3a,,54964.978,5,0.00%,
0x612af58f8016c06e603d803829ccfd843f787618,matic,,0x064a181e,,45133.454,5,0.00%,
0x1682ae6375c4e4a97e4b583bc394c861a46d8962,base,,0x6fd3504e,,229656.66,5,0.00%,
0x00000000ede6d8d217c60f93191c060747324bca,arb,,0x21952e92,,5890407.76,5,0.00%,
0x6f3063fbd9e5b13b26a634529cad3e6eee57b2db,base,,0x9dbb844d,,24732.582,5,0.00%,
0x1b890fd37cd50bea59346fc2f8ddb7cd9f5fabd5,eth,,0x095ea7b3,,90372.795,5,0.00%,
0xde1e598b81620773454588b85d6b5d4eec32573e,linea,,0x4630a0d8,,8081.265,5,0.00%,
0xca24cf44c863f7709b7ea0c08ff88b994063684b,arb,,0x1a48c193,,53806.13,5,0.00%,
0xf4ecc1c74d120649f6598c7a217abaffdf76cd4f,eth,,0xa22cb465,,116476.052,5,0.00%,
0xe0b708753aab9d2cc142ea52cd7cd0c923a3389a,ftm,,0x379607f5,,689921.875,5,0.00%,
0x794075aef95d9bd7e5cfd0ea8a1e68493b7e0e23,arb,,0x095ea7b3,,40079.122,5,0.00%,
0x3cd0808304ea14b565d0dc7dd31c034b9bc1821e,base,,0x095ea7b3,,122525.358,5,0.00%,
0xb2aeca4ccb55d4b9f05c6826febe0859f9a2ec35,eth,,0xa22cb465,,94639.925,5,0.00%,
0xd1ad8ebfb0fb6306962e48260cf1e8062eb28cfa,eth,,0x23b872dd,,4808.94491,5,0.00%,
0xf6e932ca12afa26665dc4dde7e27be02a7c02e50,base,,0xa9059cbb,,18931.73,5,0.00%,
0x84018071282d4b2996272659d9c01cb08dd7327f,eth,,0xa9059cbb,,37465.5,5,0.00%,
0x66f3c79166cc7049da0b4c43038ca49fed98c568,base,,0x40c10f19,,19490.74,5,0.00%,
0xdfb8be6f8c87f74295a87de951974362cedcfa30,arb,,0x095ea7b3,,201178.27,5,0.00%,
0xd473475958d4c1538418224a52e5c0a6c997835a,base,,0x095ea7b3,,37486.2035,5,0.00%,
0xbbcfcc50a2885495ab789e06bab7d8f85d2f73ce,eth,,0xc6c3bbe6,,69072.46333,5,0.00%,
0x7ec9e91ef5c40dca62c6812a1049375e6f6fc2be,eth,,0xe0e716c4,,13841.1825,5,0.00%,
0x1231deb6f5749ef6ce6943a275a1d3e7486f4eae,bsc,,0x482c6a85,,96445.7957,5,0.00%,
0xf559cd78d14f879c0e974ce38ce5fe6cd36c804c,base,,0x9dbb844d,,11231.2075,5,0.00%,
0xc36442b4a4522e871399cd717abdd847ab11fe88,arb,,0x42842e0e,,27760.31333,5,0.00%,
0xb96d40386dab182b9f52eaeac5fe5ca9103914fb,arb,,0x095ea7b3,,22630.43333,5,0.00%,
0x8129b94753f22ec4e62e2c4d099ffe6773969ebc,base,,0x095ea7b3,,195749.367,5,0.00%,
0x1619de6b6b20ed217a58d00f37b9d47c7663feca,arb,,0xa5977fbb,,90806.94,4,0.00%,
0x6f80310ca7f2c654691d1383149fa1a57d8ab1f8,eth,,0x095ea7b3,,139718.4167,4,0.00%,
0x5d3ee33da5fbd923bec358503224d6337708368a,base,,0x9dbb844d,,35974.83,4,0.00%,
0x7be469a9a7b30f200309239c0eca6c611e047a50,avax,,0x09c182c3,,2201.44,4,0.00%,
0x02950460e2b9529d0e00284a5fa2d7bdf3fa4d72,eth,,0x095ea7b3,,2563788.878,4,0.00%,
0x77be1ba1cd2d7a63bffc772d361168cc327dd8bc,eth,,0x095ea7b3,,83101.16913,4,0.00%,
0x75395f24644f1e65f66e346a414ff3412f131dd5,arb,,0x42842e0e,,37725.50667,4,0.00%,
0x535ec56479892d9c02fe2bb86cebf7ed62e81131,arb,,0xe2bbb158,,65534.73,4,0.00%,
0x02950460e2b9529d0e00284a5fa2d7bdf3fa4d72,eth,,0x1a4d01d2,,2595184.198,4,0.00%,
0xf2db8ccc72ca0cec40a98639aadafc68dccba747,bsc,,0x21ea0c37,,36466.64,4,0.00%,
0x95b9ed1c7f3454d79f0b7a6ecee51efb424d7719,arb,,0x565e4240,,82069.08,4,0.00%,
0x0851ad1bf43d3a61226af3e38d012e986c5d5c2a,arb,,0x42842e0e,,56097.855,4,0.00%,
0x98db4e3df6502369dad7ac99f3aee5d064721c4c,zksync,,0x46d326b3,,47138.96333,4,0.00%,
0x6b3595068778dd592e39a122f4f5a5cf09c90fe2,eth,,0x095ea7b3,,502594.1833,4,0.00%,
0xd40230d5e3a6c12bc73ce80b42be4e106460bbdb,eth,,0xa22cb465,,56911.4525,4,0.00%,
0xae3359ed3c567482fb0102c584c23daa2693eacf,eth,,0xa9059cbb,,1720519.82,4,0.00%,
0x1ae369a6ab222aff166325b7b87eb9af06c86e57,bsc,,0x23b872dd,,36466.64,4,0.00%,
0xfa68fb4628dff1028cfec22b4162fccd0d45efb6,matic,,0xa9059cbb,,44916.505,4,0.00%,
0x84c0151f4ecf1b36346c5eb4122dd5df9701aa3c,matic,,0x8254a768,,659.42,4,0.00%,
0x7259691b5217a82b0f621dd76e56ff988e6de0b5,eth,,0xe0e716c4,,44943.1,4,0.00%,
0xf2bbd5c33ae6e0855cc964bb72f1e9e186452ada,zksync,,0x100afe63,,23251.4375,4,0.00%,
0xec7f8de00e20ec9e4180ae1f9f9eaf6250b8a445,base,,0x095ea7b3,,30257.75,4,0.00%,
0xc660102f0d3983577d0d34e4fe45efb94a2f4af5,eth,,0xe9fad8ee,,89716.80333,4,0.00%,
0x72c60bfffef18dca51db32b52b819a951b6ddbed,eth,,0x095ea7b3,,49175.55579,4,0.00%,
0x941f514a3d30123dd2fb1a99e7771cd8cecca9f4,matic,,0x1aa3a008,,48431.1475,4,0.00%,
0x1c3ba6cf2676cc795db02a3b2093e5076f5f330e,bsc,,0x095ea7b3,,163072.625,4,0.00%,
0xb4315e873dbcf96ffd0acd8ea43f689d8c20fb30,arb,,0x81c2fdfb,,91086.052,4,0.00%,
0x9069f84ee64be4eb008700ee004200006ac38e00,base,,0xfc2a350b,,89485.248,4,0.00%,
0xcf77a3ba9a5ca399b7c97c74d54e5b1beb874e43,base,,0x3da5acba,,83108.8587,4,0.00%,
0x931f3a41078725e85c8fc0bf8204f277d3ccbd11,base,,0x45368181,,42256.015,4,0.00%,
0x5c1a0cc6dadf4d0fb31425461df35ba80fcbc110,eth,,0x42842e0e,,21422.16,4,0.00%,
0xf360e073efc1fd4cc2d21551a13781ddefe888de,arb,,0xf3fef3a3,,45557.7475,4,0.00%,
0x40af3827f39d0eacbf4a168f8d4ee67c121d11c9,bsc,,0x095ea7b3,,14376.045,4,0.00%,
0x6d923f688c7ff287dc3a5943caeefc994f97b290,avax,,0x095ea7b3,,1362627.95,4,0.00%,
0x86486fe85545b57d06330acf1f3d63bb7b790cb4,eth,,0xa22cb465,,43400.085,4,0.00%,
0x3b916b8f6a710e9240ff08c1dd646dd8e8ed9e1e,base,,0x095ea7b3,,226493.7733,4,0.00%,
0x628ff693426583d9a7fb391e54366292f509d457,base,,0xdb006a75,,75087.785,4,0.00%,
0x8457ca5040ad67fdebbcc8edce889a335bc0fbfb,eth,,0x23b872dd,,36466.64,4,0.00%,
0xfdde38da813f3dc13ef103c5894929b05e023535,op,,0x434dcfba,,24925.02333,4,0.00%,
0x6b96c78d4472031f1fbed2d1c4bd3895e9212344,eth,,0x095ea7b3,,171729.0933,4,0.00%,
0xd33526068d116ce69f19a9ee46f0bd304f21a51f,eth,,0x095ea7b3,,449937.8733,4,0.00%,
0x15ac90165f8b45a80534228bdcb124a011f62fee,base,,0x095ea7b3,,117659.105,4,0.00%,
0x54ab34ab3c723bd2674c7082aa6ffcdfd3a5bedc,zksync,,0x236300dc,,217988.565,4,0.00%,
0x059956483753947536204e89bfad909e1a434cc6,eth,,0x095ea7b3,,245459.465,4,0.00%,
0x0df5dfd95966753f01cb80e76dc20ea958238c46,arb,,0x095ea7b3,,25026.83667,4,0.00%,
0x8127ffc32a596f9bede144912f7bfad6e1c72690,arb,,0xddc63262,,39036.06,4,0.00%,
0xa86fe32da288f169c2ee449b585dcb0317b631e1,arb,,0x1ea26df4,,154074.9,4,0.00%,
0xb31d1b1ea48ce4bf10ed697d44b747287e785ad4,matic,,0x7c025200,,351533.835,4,0.00%,
0x562e12e1e792643d168c1fa01c1b7198a0f83c9f,eth,,0x095ea7b3,,202895.365,4,0.00%,
0xcb0a4177e0a60247c0ad18be87f8edff6dd30283,arb,,0xeea0d7b2,,43469.47,4,0.00%,
0xa30c146a816931f6134dd8676b9de8e77496954d,matic,,0x75278b5c,,0,4,0.00%,
0x9200536a28b0bf5d02b7d8966cd441edc173de61,zksync,,0x81be72ab,,26522.24,4,0.00%,
0xc4ce1d6f5d98d65ee25cf85e9f2e9dcfee6cb5d6,matic,,0x095ea7b3,,11583606.6,4,0.00%,
0x616e8bfa43f920657b3497dbf40d6b1a02d4608d,eth,,0x095ea7b3,,363881.46,4,0.00%,
0xf03d5fc6e08de6ad886fca34abf9a59ef633b78a,eth,,0x095ea7b3,,19756.60684,4,0.00%,
0xddaecf4b02a3e45b96fc2d7339c997e072b0d034,arb,,0xe982a482,,624474.6,4,0.00%,
0xb233e3602bb06aa2c2db0982bbaf33c2b15184c9,eth,,0x22bee494,,36946.58,4,0.00%,
0xa9b1eb5908cfc3cdf91f9b8b3a74108598009096,eth,,0xa9059cbb,,84736.75,4,0.00%,
0x55b9cded57ce91e56970dba48d367fc17fa528ec,base,,0x01,,11683.29,4,0.00%,
0xa6a147946facac9e0b99824870b36088764f969f,arb,,0x77df45d5,,189411.9033,4,0.00%,
0xf176fb51f4eb826136a54fdc71c50fcd2202e272,arb,,0x095ea7b3,,20509.715,4,0.00%,
0x595832f8fc6bf59c85c527fec3740a1b7a361269,eth,,0x23b872dd,,36466.64,4,0.00%,
0xde5ed76e7c05ec5e4572cfc88d1acea165109e44,base,,0x095ea7b3,,989543.153,4,0.00%,
0xe28b3b32b6c345a34ff64674606124dd5aceca30,eth,,0x095ea7b3,,362436.73,4,0.00%,
0x3d4d0699c4df1539fdc42c6f9594a478c6929051,bsc,,0x0a57336a,,420493.265,4,0.00%,
0xa7d8d9ef8d8ce8992df33d8b8cf4aebabd5bd270,eth,,0x23b872dd,,8135.06,4,0.00%,
0xe24ba27551abe96ca401d39761ca2319ea14e3cb,eth,,0x095ea7b3,,6043194.42,4,0.00%,
0xea57474c20c4bb3f0fea4a5d2996c1e636b7eb52,linea,,0x068fa31d,,15182720.1,4,0.00%,
0x3ba925fdeae6b46d0bb4d424d829982cb2f7309e,eth,,0xa9059cbb,,94716.87,4,0.00%,
0x9f6f706eb67f9e03cb15ee138e35f1c4c2ba8cce,arb,,0x6ee31021,,82069.08,4,0.00%,
0xd1412d909f67b8db7505ddfcf26cf2303f4b1bb4,base,,0x095ea7b3,,3403880.71,4,0.00%,
0x5e65a5e8c4096572d3f8b545af9dc9f1b53db9a4,eth,,0xa22cb465,,61207.03667,4,0.00%,
0x945b1edcd03e1d1ad9255c2b28e1c22f2c819f0e,zksync,,0x40d097c3,,6265.633333,4,0.00%,
0x94c18e0ce35e18cb40056fed24e340ca13880bc8,eth,,0x42842e0e,,6121.68,4,0.00%,
0x6048df2d0db43477ee77ff2e6d86e4339d3d5a66,arb,,0x095ea7b3,,503524.865,4,0.00%,
0x807534b396919783b7e30383fe57d857bc084338,eth,,0xa9059cbb,,3404573,4,0.00%,
0xa6c895eb332e91c5b3d00b7baeeaae478cc502da,arb,,0x095ea7b3,,172322.035,4,0.00%,
0xf14853b9ddb8dc6c2d948cac0e46a55e85cf5384,eth,,0x41d23909,,19606.4225,4,0.00%,
0xe014f6fbbc8931df9739130b85da087297a81654,linea,,0xabeb97dc,,12886.2,4,0.00%,
0x09f29e2acdb76a831668b03ce2e3ad7bb41aaa5c,base,,0x095ea7b3,,62327.3525,4,0.00%,
0x1d2fc977cc1e1fbd57a8b7f81fcd5d541d8531dd,eth,,0x095ea7b3,,136348.765,4,0.00%,
0x23581767a106ae21c074b2276d25e5c3e136a68b,eth,,0xa22cb465,,144662.3933,4,0.00%,
0x46a15b0b27311cedf172ab29e4f4766fbe7f4364,arb,,0xac9650d8,,196070.1417,4,0.00%,
0x2a3bff78b79a009976eea096a51a948a3dc00e34,eth,,0x23b872dd,,36466.64,4,0.00%,
0x454ba74c599340b1d868c693ccdb1a55feb8965d,op,,0x47e7ef24,,30626.2775,4,0.00%,
0xc67f482e418f3d3ae9438ea9091b3cb1e5504369,eth,,0x23b872dd,,2302.46,4,0.00%,
0xb85feb6af3412d690dfda280b73eaed73a2315bc,zksync,,0xd294f093,,126509.89,4,0.00%,
0xfbbf371c9b0b994eebfcc977cef603f7f31c070d,bsc,,0xa22cb465,,46167.01,4,0.00%,
0x6d16370d523f7626b241b8040fd444dee055d20a,bsc,,0x095ea7b3,,120732.5925,4,0.00%,
0x4cb9a7ae498cedcbb5eae9f25736ae7d428c9d66,arb,,0x23b872dd,,36466.64,4,0.00%,
0x67b00d9a1ee4caff6449492ac5d281b591663f8c,arb,,0xfb4d364c,,73533.46,4,0.00%,
0x2e2788936f61beb6a4d01cc685eea8cba8fea97d,base,,0xe0e716c4,,47829.15,4,0.00%,
0x03c3f46e05835693dc93d6374b6bb36c979c9ac6,eth,,0x23b872dd,,2302.46,4,0.00%,
0xb10daee1fcf62243ae27776d7a92d39dc8740f95,eth,,0xfdd46d60,,395051.685,4,0.00%,
0xd5a597d6e7ddf373a92c8f477daaa673b0902f48,matic,,0xc2288147,,228699.049,4,0.00%,
0xc4a482146c2b493066aa7427d23bea4f66e5279c,arb,,0x6d974773,,2591878.1,4,0.00%,
0xfaf8fd17d9840595845582fcb047df13f006787d,op,,0x095ea7b3,,199071.215,4,0.00%,
0x6c814249a7116cf5cdcfe605b490cb2855e9f773,arb,,0x6a761202,,0,4,0.00%,
0xc9ae29bb6df1545fd14f282fc756c2cc8217ed59,matic,,0x408796e2,,46936.3175,4,0.00%,
0x926ecc7687fcfb296e97a2b4501f41a6f5f8c214,bsc,,0x23b872dd,,36466.64,4,0.00%,
0x45269f59aa76bb491d0fc4c26f468d8e1ee26b73,op,,0x3d13f874,,380672.025,4,0.00%,
0x949bed087ff0241e04e98d807de3c3dd97eaa381,base,,0xa22cb465,,150168.335,4,0.00%,
0xcb45dce241a6f6f1e874e9925bea5840f3fd7d3a,eth,,0xa22cb465,,10520.665,4,0.00%,
0x1062fd8ed633c1f080754c19317cb3912810b5e5,eth,,0x0b4c7e4d,,30362172.7,4,0.00%,
0x74312363e45dcaba76c59ec49a7aa8a65a67eed3,eth,,0x357a150b,,51739.1069,4,0.00%,
0x6c7fd91b7b9bcf2959c3b364a7f3e846f2bb4e7d,avax,,0xba8b4a85,,113610.705,4,0.00%,
0x9fc20170d613766831f164f1831f4607ae54ff2d,zksync,,0x2e1a7d4d,,63500.67,4,0.00%,
0xc8e155065aff6f5f202bdb326bdcf780d10c385b,bsc,,0xfe655ec2,,129487.135,4,0.00%,
0xcaa5ed9c4a66e53a6f9fcf2aa378884af17600ae,op,,0xa22cb465,,31298.1525,4,0.00%,
0xacf63e56fd08970b43401492a02f6f38b6635c91,eth,,0x42842e0e,,35673.025,4,0.00%,
0x714db550b574b3e927af3d93e26127d15721d4c2,matic,,0xa9059cbb,,25640.15,4,0.00%,
0x9840652dc04fb9db2c43853633f0f62be6f00f98,bsc,,0x095ea7b3,,182934.65,4,0.00%,
0x0fd0c5984a65e08a86547d3b1c1ea29f0d86e7da,linea,,0x7e5c153f,,14221.41667,4,0.00%,
0xe157d5a0c9a533ebbdeadb43633ce76d61816778,base,,0xb6b55f25,,138144.41,4,0.00%,
0x43790fe6bd46b210eb27f01306c1d3546aeb8c1b,eth,,0x659dd2b4,,15587.015,4,0.00%,
0xc6ade8a68026d582ab37b879d188caf7e405dd09,eth,,0xf3fef3a3,,1820607.718,4,0.00%,
0xaf667811a7edcd5b0066cd4ca0da51637db76d09,matic,,0x88720467,,61951.13444,4,0.00%,
0x724dc807b04555b71ed48a6896b6f41593b8c637,arb,,0x095ea7b3,,371365.595,4,0.00%,
0x1b4b506619caa3ef6ed5ee85325ea0e8b8feb041,eth,,0xa22cb465,,73908.3675,4,0.00%,
0x475bfaa1848591ae0e6ab69600f48d828f61a80e,bsc,,0x23b872dd,,19384.55,4,0.00%,
0xaa3ecad0cb644c0de72110a905a57667c1a1ca96,base,,0x095ea7b3,,154470.718,4,0.00%,
0x4fabb145d64652a948d72533023f6e7a623c7c53,eth,,0x095ea7b3,,20717.85333,4,0.00%,
0x8ea9ce556fc351343a3b9ae3463bf83bab148cd3,base,,0xa0712d68,,22800.04,4,0.00%,
0x087769375433cd787f0b63244fd4bb79c1e7a832,eth,,0x095ea7b3,,43281.065,4,0.00%,
0x7fd4d7737597e7b4ee22acbf8d94362343ae0a79,eth,,0x095ea7b3,,284195.7533,4,0.00%,
0x03d4d82eaeea9593e40d40c0ddbd5e43c30f4562,op,,0xefef39a1,,9470.614286,4,0.00%,
0xf87cf55f2d5aeaef6fdf465a8a985dc60123d62b,base,,0x9dbb844d,,40554.5225,4,0.00%,
0x3b6486154b9dae942c393b1cb3d11e3395b02df8,arb,,0x42842e0e,,459353.99,4,0.00%,
0xda7e6010618cf782280dd7eb107fd57c27d13035,eth,,0x42842e0e,,19201.41,4,0.00%,
0x8dff75976f22db58d7c3fd7b68d782238b0dbe30,eth,,0x2e1a7d4d,,780086.945,4,0.00%,
0x5954ab967bc958940b7eb73ee84797dc8a2afbb9,eth,,0x7f60d338,,165628.21,4,0.00%,
0x1dac23e41fc8ce857e86fd8c1ae5b6121c67d96d,avax,,0xb80c2f09,,370238.21,4,0.00%,
0x2410dde3c75a6294ffe6256ed9d64ebf5cd0bb2b,eth,,0x1cff79cd,,30362172.7,4,0.00%,
0x7d5121505149065b562c789a0145ed750e6e8cdd,eth,,0x23b872dd,,36466.64,4,0.00%,
0xe3ee395c9067dd15c492ca950b101a7d6c85b5fc,eth,,0x2e1a7d4d,,117207.11,4,0.00%,
0xd4b7d9bb20fa20ddada9ecef8a7355ca983cccb1,eth,,0xa22cb465,,55666.7019,4,0.00%,
0xf9d0b0b11c55defdb635c8bcc1a65ab5188ffe04,arb,,0x52b94e4d,,47282.96,4,0.00%,
0xf307910a4c7bbc79691fd374889b36d8531b08e3,bsc,,0x095ea7b3,,169104.94,4,0.00%,
0xfc7599cffea9de127a9f9c748ccb451a34d2f063,eth,,0xd29b4abc,,96349.5775,4,0.00%,
0x97eb05b8db496b12244bccf17cf377d00a99b67a,op,,0x7c1e2068,,130047.8725,4,0.00%,
0xf538296e7dd856af7044deec949489e2f25705bc,eth,,0xa9059cbb,,36466.64,4,0.00%,
0xcb2861a1ec1d0392afb9e342d5aa539e4f75b633,base,,0x095ea7b3,,24736.93,4,0.00%,
0x69460570c93f9de5e2edbc3052bf10125f0ca22d,base,,0xc0fd2fc1,,24780.71,4,0.00%,
0x2f87bf58d5a9b2efade55cdbd46153a0902be6fa,base,,0x7af728c8,,1517896.83,4,0.00%,
0x5283d291dbcf85356a21ba090e6db59121208b44,eth,,0x23b872dd,,36466.64,4,0.00%,
0x7bfd9a55f4c00783b5a8ea18f7735e1a405dd520,eth,,0xa22cb465,,43663.08129,4,0.00%,
0xc37126b2399b078e73cbcf7d7ed2df139114b2ae,eth,,0xa9059cbb,,3404573,4,0.00%,
0xdef171fe48cf0115b1d80b88dc8eab59176fee57,matic,,0xa6886da9,,562907.9242,4,0.00%,
0x1c1fb35334290b5ff1bf7b4c09130885b10fc0f4,eth,,0x10ee4449,,6064564.41,4,0.00%,
0x7e202c9423a6e4ae4c0458f464a0391dd0d1cd4a,op,,0x66d5437b,,48640.735,4,0.00%,
0x7ab2f10cac6e27971fa93a5d5470bb84126bb734,eth,,0xd4dfd6bc,,510.575,4,0.00%,
0xde1e598b81620773454588b85d6b5d4eec32573e,linea,,0xbe1eace7,,68240.7425,4,0.00%,
0xaaa1ee8dc1864ae49185c368e8c64dd780a50fb7,arb,,0x08b4bd63,,381421.04,4,0.00%,
0x2b959ccb3c8fc1ed7769004742c197e28251027e,op,,0x9c421449,,3226312.76,4,0.00%,
0x4d88434edc8b7ffe215ec598c2290cdc6f58d12d,zksync,,0xf41766d8,,7599945.03,4,0.00%,
0x4cb9a7ae498cedcbb5eae9f25736ae7d428c9d66,arb,,0xa9059cbb,,3910012.803,4,0.00%,
0xa1e417c09211b9ec12ea25f97429d0772749bbf2,arb,,0x45368181,,5352.9325,4,0.00%,
0x7e4c69c07dc75b9e0c51680e701bdf43965dc96f,eth,,0xd96a094a,,261169.9133,4,0.00%,
0x323665443cef804a3b5206103304bd4872ea4253,arb,,0x07abceb7,,17170.72,4,0.00%,
0xf17bb82b6e9cc0075ae308e406e5198ba7320545,eth,,0xa22cb465,,942466.685,4,0.00%,
0x808d7c71ad2ba3fa531b068a2417c63106bc0949,linea,,0x095ea7b3,,12028.07,4,0.00%,
0x184ff13b3ebcb25be44e860163a5d8391dd568c1,avax,,0x095ea7b3,,102459.8767,4,0.00%,
0xf6240f39f9f82e7cafbe6ffe0bfaf1e2e4c5bdb4,avax,,0x095ea7b3,,395051.685,4,0.00%,
0x808507121b80c02388fad14726482e061b8da827,eth,,0x23b872dd,,36466.64,4,0.00%,
0xca94aeee3b1eff639d6c2d49f508ad96c51caba5,arb,,0x6a761202,,4502.86,4,0.00%,
0x52e75d318cfb31f9a2edfa2dfee26b161255b233,matic,,0xfe359a0d,,173946.7371,4,0.00%,
0xfe8bf5b8f5e4eb5f9bc2be16303f7dab8cf56aa8,bsc,,0xa9059cbb,,36466.64,4,0.00%,
0xa0b86991c6218b36c1d19d4a2e9eb0ce3606eb48,eth,,0xdd62ed3e,,114992.615,4,0.00%,
0xd41fdb03ba84762dd66a0af1a6c8540ff1ba5dfb,bsc,,0x23b872dd,,36466.64,4,0.00%,
0x356177b452dbae18b5a4b43b7b5324bfbae235be,base,,0x095ea7b3,,157028.95,4,0.00%,
0xc2e9678a71e50e5aed036e00e9c5caeb1ac5987d,eth,,0x42842e0e,,36466.64,4,0.00%,
0x30a30f266e1173a75985997b2523ecbc19c60ff3,base,,0x095ea7b3,,1362627.95,4,0.00%,
0x97337a9710beb17b8d77ca9175defba5e9afe62e,ftm,,0x1249c58b,,8002.32,4,0.00%,
0x05fa779ce734d3d0569269c184d4aecdcd26ce38,eth,,0x18ee18e0,,50044.87,4,0.00%,
0x21da443916c869909f21bdcc2d5b00410eb5a113,arb,,0x49327ed0,,45814.745,4,0.00%,
0x7068263eda099fb93bb3215c05e728c0b54b3137,eth,,0x095ea7b3,,864526.329,4,0.00%,
0x67e5b73d5c4f6bbb390cb7dc743d82cf15d23284,eth,,0xe0e716c4,,44943.1,4,0.00%,
0x60ae616a2155ee3d9a68541ba4544862310933d4,avax,,0xbaa2abde,,4320475.583,4,0.00%,
0x6ca68adc7ec07a4bd97c97e8052510fbe6b67d10,eth,,0x2e7ba6ef,,3750415.79,4,0.00%,
0x6f98c1e448f74cf7d80158f01cf9874d97142b35,base,,0x095ea7b3,,342903.613,4,0.00%,
0x8be473dcfa93132658821e67cbeb684ec8ea2e74,base,,0x474cf53d,,24606.5075,4,0.00%,
0xea1a6307d9b18f8d1cbf1c3dd6aad8416c06a221,eth,,0x2b91c5de,,10138756.81,4,0.00%,
0x3ee68d429486a7709139370950eda2cc7d70e13e,avax,,0x95bb2d86,,490.71,4,0.00%,
0x36cb65c1967a0fb0eee11569c51c2f2aa1ca6f6d,eth,,0x8c3152e9,,239589.79,4,0.00%,
0x05de4414098db0ed1c438f67bce255bf6ecd4fba,bsc,,0xe0e716c4,,74596.575,4,0.00%,
0xaaaa55c44c7b4d87662fc8ff1f310c96ed57ce1f,arb,,0x49b42c9e,,17298.73,4,0.00%,
0x4c4af8dbc524681930a27b2f1af5bcc8062e6fb7,arb,,0x199b83fa,,4972.625,4,0.00%,
0x3a23f943181408eac424116af7b7790c94cb97a5,matic,,0x00000017,,12094.6575,4,0.00%,
0xaf05ce8a2cef336006e933c02fc89887f5b3c726,eth,,0xa9059cbb,,3404573,4,0.00%,
0x3ba925fdeae6b46d0bb4d424d829982cb2f7309e,eth,,0x095ea7b3,,240276.7075,4,0.00%,
0xa400e614f24b88c06beddee31fe176faea001ff0,eth,,0x02327c0a,,3317.84,4,0.00%,
0xdd9f72afed3631a6c85b5369d84875e6c42f1827,zksync,,0x095ea7b3,,35498.09333,4,0.00%,
0x9c7f0628cee619953fc395cd7cf0576dce1f505e,eth,,0xb391c508,,58218.0025,4,0.00%,
0x36c79f0b8a2e8a3c0230c254c452973e7a3ba155,eth,,0x095ea7b3,,116510.9567,4,0.00%,
0xa735a3af76cc30791c61c10d585833829d36cbe0,eth,,0x23b872dd,,36466.64,4,0.00%,
0x8700daec35af8ff88c16bdf0418774cb3d7599b4,op,,0xaf086c7e,,10122654.66,4,0.00%,
0x7d8820fa92eb1584636f4f5b8515b5476b75171a,eth,,0xa22cb465,,4352.845,4,0.00%,
0xd9e6987d77bf2c6d0647b8181fd68a259f838c36,eth,,0x6ab15071,,75068.8575,4,0.00%,
0x719a3c3fe3e83542abd7aa657708227823d17472,eth,,0xa22cb465,,52566.195,4,0.00%,
0x76236b6f13f687d0bbedbbce0e30e9f07d071c1c,eth,,0x23b872dd,,2302.46,4,0.00%,
0xa41d2f8ee4f47d3b860a149765a7df8c3287b7f0,eth,,0x095ea7b3,,56269.595,4,0.00%,
0x4aa2bc42fcac903e5732dfd419eeb09d97ae287c,eth,,0xa22cb465,,169644.674,4,0.00%,
0xf39acf265ed73d8eb9359ce068a20036caf3cec8,base,,0x6e553f65,,131892.28,4,0.00%,
0x0982d3eeb7dee48e9329ee486fa30f5db2bc2b36,bsc,,0xe211ed5e,,92574.445,4,0.00%,
0x7edde7e5900633f698eab0dbc97de640fc5dc015,arb,,0xd784f188,,5839755.32,4,0.00%,
0x7d8146cf21e8d7cbe46054e01588207b51198729,eth,,0x23b872dd,,36466.64,4,0.00%,
0x1ac10484ea57958538fb7db4acf0fc30c54a9a1a,linea,,0x2a6add3f,,1692.96,4,0.00%,
0x77372a4cc66063575b05b44481f059be356964a4,eth,,0xa22cb465,,5992.203333,4,0.00%,
0x8b6f1c18c866f37e6ea98aa539e0c117e70178a2,zksync,,0xf452ed4d,,30862.82333,4,0.00%,
0xd46ba6d942050d489dbd938a2c909a5d5039a161,eth,,0x095ea7b3,,150892.345,4,0.00%,
0x8127ffc32a596f9bede144912f7bfad6e1c72690,arb,,0x441a3e70,,39036.06,4,0.00%,
0xb50721bcf8d664c30412cfbc6cf7a15145234ad1,eth,,0x23b872dd,,36466.64,4,0.00%,
0xfbd849e6007f9bc3cc2d6eb159c045b8dc660268,arb,,0x3ccfd60b,,5526.06,4,0.00%,
0xaaef88cea01475125522e117bfe45cf32044e238,eth,,0x095ea7b3,,136386.0567,4,0.00%,
0xed17e645aa1aab0851a0d61b6dcadcaf2177d066,matic,,0x095ea7b3,,22184.2575,4,0.00%,
0x9a01857f33aa382b1d5bb96c3180347862432b0d,arb,,0xd1c2babb,,3918.79,4,0.00%,
0xd555498a524612c67f286df0e0a9a64a73a7cdc7,eth,,0x23b872dd,,36466.64,4,0.00%,
0x062e691c2054de82f28008a8ccc6d7a1c8ce060d,eth,,0xa22cb465,,44495.305,4,0.00%,
0x67de8310f082cc3e7fffdd4e13d39312860c2aaa,arb,,0xaf9c7ad0,,119328.805,4,0.00%,
0xcdbcd51a5e8728e0af4895ce5771b7d17ff71959,arb,,0x2646478b,,3240.9925,4,0.00%,
0x8cdbd7010bd197848e95c1fd7f6e870aac9b0d3c,eth,,0x42842e0e,,20986.50796,4,0.00%,
0xc78b628b060258300218740b1a7a5b3c82b3bd9f,eth,,0xa9059cbb,,36466.64,4,0.00%,
0x332e78c687c3fcd91494c6b13f0fc685b2a57434,bsc,,0x095ea7b3,,346540.425,4,0.00%,
0xe08895b7ccad796936cb3126d88d12692611ab59,avax,,0x9ebea88c,,187211.1533,4,0.00%,
0x2d5d9c3c4150dc58c7187cebf3a20491843ae45b,eth,,0x64a34beb,,251779.36,4,0.00%,
0x5f7cbcb391d33988dad74d6fd683aadda1123e4d,zksync,,0x095ea7b3,,9159.63,4,0.00%,
0x9617ed5d6fd3774d3841fbb64d7d408af181fb56,eth,,0x7ba0e2e7,,21646.3775,4,0.00%,
0xcf97adebad696781e6b75280ba11040a1a20c27a,linea,,0x3314d6f4,,108604.11,4,0.00%,
0x4691937a7508860f876c9c0a2a617e7d9e945d4b,eth,,0x095ea7b3,,1138388.173,4,0.00%,
0x25e5e2b4b8f11c32cdd48c2fb394fbda9a2861f7,eth,,0x23b872dd,,2302.46,4,0.00%,
0x8ccd897ca6160ed76755383b201c1948394328c7,eth,,0x23b872dd,,36466.64,4,0.00%,
0x078f358208685046a11c85e8ad32895ded33a249,matic,,0x23b872dd,,36466.64,4,0.00%,
0x46a15b0b27311cedf172ab29e4f4766fbe7f4364,base,,0xac9650d8,,196070.1417,4,0.00%,
0x04437e94af860afbb0429a7d36b9c00a5a5173b9,arb,,0x9a3b6f2f,,197208.94,4,0.00%,
0x771ef0171514f9fdd67c71f1d801fa095bb7c484,op,,0xc00007b0,,6208964.04,4,0.00%,
0xae99a698156ee8f8d07cbe7f271c31eeaac07087,eth,,0xa22cb465,,12144.93,4,0.00%,
0x0a3a21356793b49154fd3bbe91cbc2a16c0457f5,bsc,,0x23b872dd,,36466.64,4,0.00%,
0x49334a6c36ec651fd9da6f096769929cbdf49399,eth,,0x80699b79,,545522.25,4,0.00%,
0x86a1260ab9f758026ce1a5830bdff66dbcf736d5,base,,0xc00007b0,,81808.74,4,0.00%,
0x6694340fc020c5e6b96567843da2df01b2ce1eb6,arb,,0x23b872dd,,36466.64,4,0.00%,
0xad7f33984bed10518012013d4ab0458d37fee6f3,linea,,0xa0712d68,,10174018.4,4,0.00%,
0x4c4af8dbc524681930a27b2f1af5bcc8062e6fb7,base,,0x199b83fa,,4972.625,4,0.00%,
0xba386a4ca26b85fd057ab1ef86e3dc7bdeb5ce70,eth,,0x23b872dd,,36466.64,4,0.00%,
0x50c5725949a6f0c72e6c4a641f24049a917db0cb,op,,0x095ea7b3,,150934.8538,4,0.00%,
0x467719ad09025fcc6cf6f8311755809d45a5e5f3,eth,,0xd505accf,,36466.64,4,0.00%,
0x1231deb6f5749ef6ce6943a275a1d3e7486f4eae,arb,,0x83f31917,,102761.56,4,0.00%,
0x8b67f2e56139ca052a7ec49cbcd1aa9c83f2752a,base,,0x095ea7b3,,18786.75,4,0.00%,
0x7edde7e5900633f698eab0dbc97de640fc5dc015,arb,,0x2abbe3ea,,5839755.32,4,0.00%,
0x5954ab967bc958940b7eb73ee84797dc8a2afbb9,eth,,0x381b4682,,243988.835,4,0.00%,
0x56b13a025ee67fe7645cd4c09033673e3cb207ba,base,,0xb6b55f25,,515765.22,4,0.00%,
0xc4abade3a15064f9e3596943c699032748b13352,arb,,0x8340f549,,495350.1633,4,0.00%,
0xd7cabef2c1fd77a31c5ba97c724b82d3e25fc83c,base,,0x43e26448,,88555.385,4,0.00%,
0x09873bfeca34f1acd0a7e55cda591f05d8a75369,zksync,,0x7dc20382,,27361,4,0.00%,
0x11984dc4465481512eb5b777e44061c158cf2259,matic,,0x54126711,,102984.74,4,0.00%,
0xddaecf4b02a3e45b96fc2d7339c997e072b0d034,arb,,0x374756f5,,268994.3033,4,0.00%,
0x0000000000000000000000000000000000001010,matic,,0xa9059cbb,,6188.34,4,0.00%,
0xc9f00080d96cea3ef92d2e2e563d4cd41fb5bb36,eth,,0xa9059cbb,,3404573,4,0.00%,
0x040c749a966e9dc6e91e2ae11886ae954e3f301f,base,,0x9dbb844d,,10897.865,4,0.00%,
0xadde7028e7ec226777e5dea5d53f6457c21ec7d6,zksync,,0x00000183,,32072.585,4,0.00%,
0xa192d0681e2b9484d1fa48083d36b8a2d0da1809,avax,,0x30b70002,,4140721,4,0.00%,
0xffe203b59393593965842439ce1e7d7c78109b46,eth,,0x23b872dd,,36466.64,4,0.00%,
0x4c4c5d4d766c075d3c3253aab1bbdcfac8d8eb37,eth,,0x02327c0a,,133548.3267,4,0.00%,
0xb6a5ae40e79891e4deadad06c8a7ca47396df21c,matic,,0x23b872dd,,36466.64,4,0.00%,
0x3aab2285ddcddad8edf438c1bab47e1a9d05a9b4,linea,,0x095ea7b3,,7596854.51,4,0.00%,
0x912529007bc0d2a5464a6a211ebfe217dfb75dff,eth,,0xa9059cbb,,36466.64,4,0.00%,
0xd260c7ae9c8e425f02354e799ca2eb276410570a,eth,,0x23b872dd,,2302.46,4,0.00%,
0x64848eefbc2921102a153b08fa64536ae1f8e937,zksync,,0x86219940,,10503.75,4,0.00%,
0x68313f1a6a60d05dd767811643406339e8e8d034,arb,,0x4957677c,,545522.25,4,0.00%,
0xfe21b0a8df3308c61cb13df57ae5962c567a668a,eth,,0x23b872dd,,2302.46,4,0.00%,
0xc06cbecaa987ca894bc81db29b3887995c81b47d,arb,,0x095ea7b3,,220098.225,4,0.00%,
0xee7c3d2ff9ef8dbf3e66704a156d3ee9700cf72e,op,,0x095ea7b3,,220133.055,4,0.00%,
0x4914fa7fd0969400467807d966e633738e696a57,eth,,0x095ea7b3,,38628.62333,4,0.00%,
0x8c6f28f2f1a3c87f0f938b96d27520d9751ec8d9,op,,0xa9059cbb,,19518.03,4,0.00%,
0x794a61358d6845594f94dc1db02a252b5b4814ad,matic,,0x617ba037,,1407864.812,4,0.00%,
0x2890df158d76e584877a1d17a85fea3aeeb85aa6,eth,,0xa9059cbb,,3404573,4,0.00%,
0x29fa1fee0f4f0ab0e36ef7ab8d7a35439ec6be75,eth,,0x095ea7b3,,37387.24,4,0.00%,
0xed1167b6dc64e8a366db86f2e952a482d0981ebd,eth,,0xa9059cbb,,7494089.79,4,0.00%,
0xe0dcb3e02798d1c6a9650fe1381015ec34705153,eth,,0x23b872dd,,36466.64,4,0.00%,
0xd8c61ede8cd9ee7b93855c3f110191e95edf2979,bsc,,0x0e5c011e,,442371.07,4,0.00%,
0x129d453253dbce5cf6997db8fb461b2a20fd275f,eth,,0x444e664a,,48781.0875,4,0.00%,
0xd5a597d6e7ddf373a92c8f477daaa673b0902f48,eth,,0xc2288147,,228699.049,4,0.00%,
0x0e3efd5be54cc0f4c64e0d186b0af4b7f2a0e95f,eth,,0x1b45c18d,,17566.435,4,0.00%,
0x7043e4e1c4045424858ecbced80989feafc11b36,matic,,0xe7324cc2,,66089.02,4,0.00%,
0x9b5def958d0f3b6955cbea4d5b7809b2fb26b059,zksync,,0x7d10c9d6,,44977.72,4,0.00%,
0x4e3288c9ca110bcc82bf38f09a7b425c095d92bf,matic,,0x84a7f3dd,,12506.73,4,0.00%,
0xa0c05e2eed05912d9eb76d466167628e8024a708,base,,0xa9059cbb,,182703.71,4,0.00%,
0xb7048029c8c48eb1bae0cba0112f807aed80fda6,base,,0x9c421449,,3226312.76,4,0.00%,
0xe7d3982e214f9dfd53d23a7f72851a7044072250,eth,,0xfa2b068f,,36606.55,4,0.00%,
0x539bde0d7dbd336b79148aa742883198bbf60342,arb,,0xa9059cbb,,21350.14,4,0.00%,
0x05794967eedf78f2a7be931e6c329d839379a597,zksync,,0xb510391f,,18120.06,4,0.00%,
0x9a202c932453fb3d04003979b121e80e5a14ee7b,base,,0xb6b55f25,,4181997.617,4,0.00%,
0x8d4eb3f56d35109e31872876fb137af3bc0a1088,zksync,,0x095ea7b3,,79908.0969,4,0.00%,
0x3b95bc951ee0f553ba487327278cac44f29715e5,eth,,0xb1a1a882,,51232.37,4,0.00%,
0x54c767a5198fdca089112026285f333c0fa14599,arb,,0xf03f158c,,126718.465,4,0.00%,
0xae56177e405929c95e5d4b04c0c87e428cb6432b,arb,,0x9f916c9f,,48186.68,4,0.00%,
0xcbea274c3424b25be574b4824d92c62028e78c34,bsc,,0xc736e1ff,,96641.17,4,0.00%,
0x2a7f617af3009578021473a88a7c5a2af5aacd79,eth,,0xb72df5de,,92615.76,4,0.00%,
0x931143b901a1c81ba1657cf0f2acd126f75ca4fd,base,,0x2e1a7d4d,,138144.41,4,0.00%,
0xd72e6d13be71a6d8cfd3508f6c262744cf4cfb2b,arb,,0x94d008ef,,67423.8575,4,0.00%,
0xa4af354d466e8a68090dd9eb2cb7caf162f4c8c2,base,,0x23b872dd,,1362627.95,4,0.00%,
0x6cd7fc3118a8ffa40af0f99f3cbda54b0c6d4d1d,eth,,0x095ea7b3,,89723.12,4,0.00%,
0x4d831e22f062b5327dfdb15f0b6a5df20e2e3dd0,eth,,0x095ea7b3,,10516237.5,4,0.00%,
0xa0b73e1ff0b80914ab6fe0444e65848c4c34450b,eth,,0x23b872dd,,36466.64,4,0.00%,
0x85d456b2dff1fd8245387c0bfb64dfb700e98ef3,eth,,0xc7c7f5b3,,2954490.883,4,0.00%,
0x0e10307df6f69298642b462a7c42fed19828298c,arb,,0xe211ed5e,,150082.944,4,0.00%,
0x9b6ae6463f9c1396c2a91261440a6e1d342564c3,eth,,0xa22cb465,,73959.985,4,0.00%,
0xf94b9df11f26175bbfe6e3b0b61fbbafb6f15f4b,eth,,0x07a309e4,,76658.4975,4,0.00%,
0xe02df9e3e622debdd69fb838bb799e3f168902c5,bsc,,0x23b872dd,,36466.64,4,0.00%,
0x1111111254eeb25477b68fb85ed929f73a960582,matic,,0xe449022e,,427128.3733,4,0.00%,
0x1b896893dfc86bb67cf57767298b9073d2c1ba2c,arb,,0x095ea7b3,,197208.94,4,0.00%,
0xeaabc25cd9902295350f7a594453dd237d01ca93,eth,,0x1feed31f,,40321.3975,4,0.00%,
0x333000333b26ee30214b4af6419d9ab07a450400,eth,,0x23b872dd,,36466.64,4,0.00%,
0xb0903ab70a7467ee5756074b31ac88aebb8fb777,eth,,0x6e553f65,,30362172.7,4,0.00%,
0x980b5f5a669ad847177610b838e2d448543e6cac,eth,,0x02327c0a,,50472.43667,4,0.00%,
0x99d8a9c45b2eca8864373a26d1459e3dff1e17f3,eth,,0x095ea7b3,,3226312.76,4,0.00%,
0xccf2d3535777982790d4a69dbf9fad5de7440069,arb,,0xcbb50e61,,22630.43333,4,0.00%,
0xaf9c4f6a0ceb02d4217ff73f3c95bbc8c7320cee,arb,,0x7a09fd90,,164604.04,4,0.00%,
0x14778860e937f509e651192a90589de711fb88a9,op,,0x095ea7b3,,30626.2775,4,0.00%,
0xf05f0e4362859c3331cb9395cbc201e3fa6757ea,bsc,,0x58a997f6,,64965.15,4,0.00%,
0xaf1046199a5413219ba75d7a9632944fddf4d767,matic,,0xa22cb465,,34851.235,4,0.00%,
0x6131b5fae19ea4f9d964eac0408e4408b66337b5,avax,,0x8af033fb,,621894.4326,4,0.00%,
0xece7b98bd817ee5b1f2f536daf34d0b6af8bb542,base,,0x095ea7b3,,49389.5025,4,0.00%,
0x577fd586c9e6ba7f2e85e025d5824dbe19896656,op,,0xc1bce0b7,,21648.91,4,0.00%,
0xf25484650484de3d554fb0b7125e7696efa4ab99,base,,0x9f8420b3,,3429750.703,4,0.00%,
0xad09780d193884d503182ad4588450c416d6f9d4,base,,0x57ecfd28,,66070.57,4,0.00%,
0xb10daee1fcf62243ae27776d7a92d39dc8740f95,eth,,0xea5ead19,,180138.36,4,0.00%,
0xfebe8c1ed424dbf688551d4e2267e7a53698f0aa,bsc,,0x23b872dd,,36466.64,4,0.00%,
0xa74ae2c6fca0cedbaef30a8ceef834b247186bcf,eth,,0xa22cb465,,43207.9525,4,0.00%,
0x02f55d53dce23b4aa962cc68b0f685f26143bdb2,base,,0xac9650d8,,16003.72,4,0.00%,
0x842e89b7a7ef8ce099540b3613264c933ce0eba5,op,,0x1b2a52d8,,112732.68,4,0.00%,
0xc46233dd3775c858a926b2b2d398bea7ca69499c,arb,,0x42842e0e,,39366.69667,4,0.00%,
0x0b38210ea11411557c13457d4da7dc6ea731b88a,eth,,0x23b872dd,,36466.64,4,0.00%,
0x88d42b6dbc10d2494a0c6c189cefc7573a6dce62,base,,0x2e7ba6ef,,26312.2775,4,0.00%,
0x464a1c3a3e7079759e564a33191843fe2f1433a2,arb,,0x2e17de78,,5917.21,4,0.00%,
0x031b41e504677879370e9dbcf937283a8691fa7f,bsc,,0x23b872dd,,36466.64,4,0.00%,
0xb131216c23fbadade8f4015d8542d2981a5ea130,eth,,0x024b50f4,,45218.91,4,0.00%,
0xf700d4c708c2be1463e355f337603183d20e0808,bsc,,0x23b872dd,,36466.64,4,0.00%,
0x34e158883efc81c5d92fde785fba48db738711ee,eth,,0xb6b4af05,,3882158.38,4,0.00%,
0x3e8006cc1c86449e27f41be8938f90f6918f8cf9,eth,,0x1d02f109,,30567.29,4,0.00%,
0xf57e7e7c23978c3caec3c3548e3d615c346e79ff,eth,,0x095ea7b3,,42256.88667,4,0.00%,
0x33898903c17b2b4cf37782535691baebc744e590,linea,,0x64617461,,0,4,0.00%,
0xb94d1959084081c5a11c460012ab522f5a0fd756,arb,,0xe2bbb158,,14141.53,4,0.00%,
0xa21af1050f7b26e0cff45ee51548254c41ed6b5c,eth,,0x23b872dd,,36466.64,4,0.00%,
0x026224a2940bfe258d0dbe947919b62fe321f042,eth,,0xa22cb465,,236727.8675,4,0.00%,
0xbcbda13bd60bc0e91745186e274d1445078d6b33,eth,,0x23b872dd,,36466.64,4,0.00%,
0x42c95788f791a2be3584446854c8d9bb01be88a9,bsc,,0x095ea7b3,,1550919.55,4,0.00%,
0x080f6aed32fc474dd5717105dba5ea57268f46eb,arb,,0x095ea7b3,,199597.6267,4,0.00%,
0x12625af4248e8137c6c58aed6ee804f8854669a6,arb,,0xf3fef3a3,,84386.48,4,0.00%,
0x198e6462d93940c856114c6b475de4c3da51d6da,eth,,0x23b872dd,,2302.46,4,0.00%,
0x45a01e4e04f14f7a4a6702c74187c5f6222033cd,matic,,0x87b21efc,,31847.29667,4,0.00%,
0x7a560269480ef38b885526c8bbecdc4686d8bf7a,base,,0xf3760936,,42272.3,4,0.00%,
0xc17374e2c8febabf509f2671f5fb8aaac3236031,eth,,0x1d02f109,,126958.983,4,0.00%,
0x5cc0189652ee881526ed3b8053b21c44e99010b9,arb,,0xb1c76d29,,2901140.93,4,0.00%,
0xed4e879087ebd0e8a77d66870012b5e0dffd0fa4,eth,,0x095ea7b3,,19490.74,4,0.00%,
0x1a731b2299e22fbac282e7094eda41046343cb51,avax,,0xb6b55f25,,39390.56,4,0.00%,
0xb2a20fcdc506a685122847b21e34536359e94c56,op,,0x34c7fec9,,681313.975,4,0.00%,
0x620a69499d8af39405807136dbf34e7134193231,avax,,0x13324aa9,,139677.26,4,0.00%,
0x8ab7404063ec4dbcfd4598215992dc3f8ec853d7,eth,,0xa9059cbb,,3404573,4,0.00%,
0x3a58a54c066fdc0f2d55fc9c89f0415c92ebf3c4,matic,,0x095ea7b3,,30362172.7,4,0.00%,
0x36397a118a5672057b4fca48f83fbd040a4111bc,arb,,0x2b85ba38,,36466.64,4,0.00%,
0xe3e757bc5af026ae80095cdaace0b51a61f5e639,arb,,0x095ea7b3,,473527.09,4,0.00%,
0xdb1ec4538569aa6600ea86dbda14af187ad9942e,arb,,0x05a10028,,295967.2767,4,0.00%,
0x4f30a9d41b80ecc5b94306ab4364951ae3170210,eth,,0xcc471bb8,,1510172.24,4,0.00%,
0xe67ab9efb46d987d2af816597f6716069a8a7426,base,,0x095ea7b3,,272758.745,4,0.00%,
0x8dba1f564458dd46283ca3a4cdf6ca019963ab42,eth,,0xa694fc3a,,31760.2575,4,0.00%,
0x6f3aca0d7d5d8639e314bd20b79abb3e51c06f47,eth,,0x23b872dd,,2302.46,4,0.00%,
0x435512bdfe6436172c77040a35cf2b271f92eb0b,base,,0x00f714ce,,10129193.1,4,0.00%,
0x6fd31533621452aac187c9cbdfdfb6ef50d28149,base,,0x095ea7b3,,37709.215,4,0.00%,
0xfaba6f8e4a5e8ab82f62fe7c39859fa577269be3,eth,,0x23b872dd,,36466.64,4,0.00%,
0x01e0d17a533e5930a349c2bb71304f04f20ab12b,bsc,,0x095ea7b3,,379957.9667,4,0.00%,
0x2f2a2543b76a4166549f7aab2e75bef0aefc5b0f,arb,,0x23b872dd,,36466.64,4,0.00%,
0x816f722424b49cf1275cc86da9840fbd5a6167e9,eth,,0x322dda6d,,41307.981,4,0.00%,
0x090c236b62317db226e6ae6cd4c0fd25b7028b65,eth,,0xec72bc65,,226265.3033,4,0.00%,
0xe1035b9c09f641582a8161495c68d8eaf0dd006b,eth,,0x14336e1c,,194570.133,4,0.00%,
0xe43638797513ef7a6d326a95e8647d86d2f5a099,arb,,0xb0463d5c,,83207.18,4,0.00%,
0xde051e867ac04540a1781de35289e5459c7128f5,matic,,0x372500ab,,6271.28,4,0.00%,
0x3a23f943181408eac424116af7b7790c94cb97a5,bsc,,0x00000189,,27621.9925,4,0.00%,
0x477bc8d23c634c154061869478bce96be6045d12,bsc,,0x095ea7b3,,2906281.38,4,0.00%,
0x1151cb3d861920e07a38e03eead12c32178567f6,eth,,0x23b872dd,,36466.64,4,0.00%,
0x3d320286e014c3e1ce99af6d6b00f0c1d63e3000,eth,,0x5f63fc90,,140441.465,4,0.00%,
0x0c49cc7ac77246ba6022dc2fe8cc0942cef83fa3,arb,,0x80699b79,,226651.2,4,0.00%,
0x1231deb6f5749ef6ce6943a275a1d3e7486f4eae,bsc,,0xa74ccb35,,190521.0017,4,0.00%,
0x16faf9daa401aa42506af503aa3d80b871c467a3,bsc,,0x23b872dd,,36466.64,4,0.00%,
0x8d5b1b160d33ce8b6cafe2674a81916d33c6ff0b,base,,0xe5585666,,19742.225,4,0.00%,
0x6e5970dbd6fc7eb1f29c6d2edf2bc4c36124c0c1,eth,,0x095ea7b3,,25640.15,4,0.00%,
0x396c95abe154b3b2ed204cf45c8726aa7ad47a4d,eth,,0x095ea7b3,,30769.5575,4,0.00%,
0x4af15ec2a0bd43db75dd04e62faa3b8ef36b00d5,linea,,0x095ea7b3,,10240.64,4,0.00%,
0x7bd29408f11d2bfc23c34f18275bbf23bb716bc7,eth,,0xa22cb465,,81266.86333,4,0.00%,
0x857ffc55b1aa61a7ff847c82072790cae73cd883,eth,,0xa9059cbb,,42295.355,4,0.00%,
0xe6fab3f0c7199b0d34d7fbe83394fc0e0d06e99d,arb,,0xe1e01bf3,,34698.2128,4,0.00%,
0x9dc60032c20c1c10861c954119c362c573477f93,base,,0x33a8433a,,8684.285,4,0.00%,
0x9040e41ef5e8b281535a96d9a48acb8cfabd9a48,eth,,0xb86e321c,,181711.2633,4,0.00%,
0xd7b2c1a7f3c67fb0ea57a7ef29bc1f18d7be3195,eth,,0xa9059cbb,,36466.64,4,0.00%,
0x57a204aa1042f6e66dd7730813f4024114d74f37,eth,,0x42842e0e,,131650.87,4,0.00%,
0xc92df682a8dc28717c92d7b5832376e6ac15a90d,bsc,,0xf75e0384,,46204.505,4,0.00%,
0xf7e75ff4bb0185b3f0a115466c0fbe5880f71290,base,,0x56adf5f4,,6163.4875,4,0.00%,
0xe77ec1bf3a5c95bfe3be7bdbacfe3ac1c7e454cd,eth,,0x095ea7b3,,66724.88042,4,0.00%,
0xab9b68c9e53c94d7c0949fb909e80e4a29f9134a,base,,0x7ac09bf7,,545522.25,4,0.00%,
0x50c5725949a6f0c72e6c4a641f24049a917db0cb,op,,0x23b872dd,,36466.64,4,0.00%,
0xed8b26d99834540c5013701bb3715fafd39993ba,eth,,0x2e54bf95,,13555384.44,4,0.00%,
0x6e84a6216ea6dacc71ee8e6b0a5b7322eebc0fdd,avax,,0x23b872dd,,36466.64,4,0.00%,
0x9840652dc04fb9db2c43853633f0f62be6f00f98,bsc,,0x23b872dd,,36466.64,4,0.00%,
0x6cd20be8914a9be48f2a35e56354490b80522856,linea,,0x1249c58b,,25414.07,4,0.00%,
0x20dd72ed959b6147912c2e529f0a0c651c33c9ce,ftm,,0x945bcec9,,433606.74,4,0.00%,
0x7f59b64c6ee521c0d7e590cf8e4b843caa236f96,eth,,0xa0712d68,,219915.655,4,0.00%,
0xa2b4c0af19cc16a6cfacce81f192b024d625817d,eth,,0x23b872dd,,36466.64,4,0.00%,
0x1c92c0295807f1f7c0726cf51a1d26298563f14a,eth,,0x095ea7b3,,28979.0625,4,0.00%,
0xd5d86fc8d5c0ea1ac1ac5dfab6e529c9967a45e9,eth,,0x23b872dd,,36466.64,4,0.00%,
0xe50fa9b3c56ffb159cb0fca61f5c9d750e8128c8,arb,,0x23b872dd,,36466.64,4,0.00%,
0xf3b75aeb448fca1b457432fcca3ab8c491ba1e22,base,,0x01,,284638.2,4,0.00%,
0x48a77bb1900a3472f382c9ee8a9489516c7de4c0,avax,,0xb6b55f25,,1362627.95,4,0.00%,
0x498f7bb59c61307de7dea005877220e4406470e9,zksync,,0xb4822be3,,106203.35,4,0.00%,
0x5c0ea461fe5e6f3b4f90a071e72243c14c6abfd7,op,,0x095ea7b3,,58815.85,4,0.00%,
0x9dd45ac46b7d4bb9e45e237fb93056bccb5e2be7,arb,,0x0640310f,,81518.14333,4,0.00%,
0x580e933d90091b9ce380740e3a4a39c67eb85b4c,eth,,0xa9059cbb,,36466.64,4,0.00%,
0xe24ba27551abe96ca401d39761ca2319ea14e3cb,eth,,0x6e553f65,,6043194.42,4,0.00%,
0x1111111254eeb25477b68fb85ed929f73a960582,arb,,0x62e238bb,,4352545.38,4,0.00%,
0x3082cc23568ea640225c2467653db90e9250aaa0,arb,,0xa9059cbb,,215767.04,4,0.00%,
0x7d12aeb5d96d221071d176980d23c213d88d9998,base,,0x095ea7b3,,158531.9775,4,0.00%,
0x8c42bc76e6fdb2c7ba8a585adb69b3cc0d5f7ff2,arb,,0xff9226ea,,9919.915,4,0.00%,
0xe87753eb91d6a61ea342bb9044a97764366cc7b2,eth,,0x25d3752b,,27086.09,4,0.00%,
0x941a6d105802cccaa06de58a13a6f49ebdcd481c,eth,,0x4d3f078a,,22112.05,4,0.00%,
0x8ed97a637a790be1feff5e888d43629dc05408f6,eth,,0x23b872dd,,36466.64,4,0.00%,
0x16b68e1c5d3b9b3028978d96e106d3a5c3b42093,eth,,0x87b0be48,,10574.745,4,0.00%,
0xc3d688b66703497daa19211eedff47f25384cdc3,eth,,0xf3fef3a3,,165628.21,4,0.00%,
0xd5a597d6e7ddf373a92c8f477daaa673b0902f48,base,,0xc2288147,,228699.049,4,0.00%,
0xc55e93c62874d8100dbd2dfe307edc1036ad5434,op,,0x095ea7b3,,833401.5633,4,0.00%,
0x3c4b6e6e1ea3d4863700d7f76b36b7f3d3f13e3d,eth,,0xa9059cbb,,3404573,4,0.00%,
0x00b2149d89677a5069ed4d303941614a33700146,base,,0x2e1a7d4d,,779918.445,4,0.00%,
0x790b2cf29ed4f310bf7641f013c65d4560d28371,eth,,0xa22cb465,,253342.6,4,0.00%,
0xe34139463ba50bd61336e0c446bd8c0867c6fe65,eth,,0xac9650d8,,11583606.6,4,0.00%,
0x6f7353b59476dbd1de23d7113be7a7fbe6f343e5,arb,,0x39509351,,214755.633,4,0.00%,
0xb4a8d45647445ea9fc3e1058096142390683dbc2,eth,,0xe0db3fcf,,2549852.963,4,0.00%,
0x3a23f943181408eac424116af7b7790c94cb97a5,bsc,,0x0000018d,,161794.6771,4,0.00%,
0x86cc280d0bac0bd4ea38ba7d31e895aa20cceb4b,eth,,0x42842e0e,,36466.64,4,0.00%,
0x7adb7fb7b6537b4ad4b4ad399bc0329f9fa926de,base,,0xa9059cbb,,17146.27,4,0.00%,
0x9f52c8ecbee10e00d9faaac5ee9ba0ff6550f511,eth,,0x095ea7b3,,237552.023,4,0.00%,
0xcc56775606730c96ea245d9cf3890247f1c57fb1,eth,,0x23b872dd,,2302.46,4,0.00%,
0x9fad24f572045c7869117160a571b2e50b10d068,ftm,,0x69328dec,,3226312.76,4,0.00%,
0x10ed43c718714eb63d5aa57b78b54704e256024e,bsc,,0xe8e33700,,2525.06,4,0.00%,
0xd084944d3c05cd115c09d072b9f44ba3e0e45921,eth,,0xa9059cbb,,346072.39,4,0.00%,
0x5996cea2c456259d1dd9ae72b3df5192a1cbae01,arb,,0x1249c58b,,5904.38,4,0.00%,
0x2358693f4faec9d658bb97fc9cd8885f62105dc1,eth,,0xa22cb465,,366388.96,4,0.00%,
0x49308cf3d9ecb6ad191ffc600d443c39a26ebf2d,eth,,0x02327c0a,,267021.6067,4,0.00%,
0xc8418af6358ffdda74e09ca9cc3fe03ca6adc5b0,eth,,0x65fc3873,,3398925.4,4,0.00%,
0xaa7a9ca87d3694b5755f213b5d04094b8d0f0a6f,eth,,0x095ea7b3,,64995.78,4,0.00%,
0x255f1b39172f65dc6406b8bee8b08155c45fe1b6,eth,,0x095ea7b3,,82940.545,4,0.00%,
0xf33893de6eb6ae9a67442e066ae9abd228f5290c,bsc,,0x23b872dd,,36466.64,4,0.00%,
0xd56734d7f9979dd94fae3d67c7e928234e71cd4c,zksync,,0x81b4e8b4,,23735.96,4,0.00%,
0x0169ec1f8f639b32eec6d923e24c2a2ff45b9dd6,matic,,0x095ea7b3,,123002.3133,4,0.00%,
0x0bc9b9f5b7c454d6baf926e8b92062092de06c54,eth,,0x23b872dd,,2302.46,4,0.00%,
0x2a760d56fa7ab2ebefe5991dc44e82b41dc9a020,eth,,0xb1677ad9,,6313.65,4,0.00%,
0x385ba2d481b269bc2907ad70bcfdc545f19548e9,arb,,0x9b05ddb3,,22800.04,4,0.00%,
0x12f837f1a2c96909c0b85fafb3af7eebf9ecff0d,eth,,0x23b872dd,,2302.46,4,0.00%,
0xa4aff9170c34c0e38fed74409f5742617d9e80dc,bsc,,0x40d097c3,,252665.753,4,0.00%,
0x000000000000b03943bc5083d5516fea9f20fb71,base,,0x1d4ac176,,479841.0167,4,0.00%,
0x1231deb6f5749ef6ce6943a275a1d3e7486f4eae,matic,,0x482c6a85,,96445.7957,4,0.00%,
0xb7048029c8c48eb1bae0cba0112f807aed80fda6,base,,0x82cee55c,,3226312.76,4,0.00%,
0xc7283b66eb1eb5fb86327f08e1b5816b0720212b,eth,,0x23b872dd,,36466.64,4,0.00%,
0x16980b3b4a3f9d89e33311b5aa8f80303e5ca4f8,eth,,0x23b872dd,,36466.64,4,0.00%,
0xcd1ea9e70d0260c0f47d217ed6d5be9cd4ed34fb,eth,,0x1249c58b,,19922.18,4,0.00%,
0x03a520b32c04bf3beef7beb72e919cf822ed34f1,base,,0xfc6f7865,,100224.355,4,0.00%,
0xd0c22a5435f4e8e5770c1fafb5374015fc12f7cd,ftm,,0x83bd37f9,,434637.645,4,0.00%,
0x491604c0fdf08347dd1fa4ee062a822a5dd06b5d,eth,,0x095ea7b3,,203068.325,4,0.00%,
0xdf7952b35f24acf7fc0487d01c8d5690a60dba07,bsc,,0x095ea7b3,,96641.17,4,0.00%,
0x142017b52c99d3dfe55e49d79df0baf7f4478c0c,base,,0xa0712d68,,11583606.6,4,0.00%,
0x0ae38f7e10a43b5b2fb064b42a2f4514cba909ef,arb,,0x095ea7b3,,75095.63,4,0.00%,
0x3ee18b2214aff97000d974cf647e7c347e8fa585,eth,,0x9981509f,,100265.0567,4,0.00%,
0x0ce49000b2857cc0030cc4566c469993eb5bde18,eth,,0xa0712d68,,237639.005,4,0.00%,
0x577fd586c9e6ba7f2e85e025d5824dbe19896656,op,,0x8cd2e0c7,,21648.91,4,0.00%,
0x23fac187fb15d13295dfa9486c83af5c1abd7b5a,eth,,0x095ea7b3,,34037.16579,4,0.00%,
0x2e8751fcd698b0a0704a04515667229e7843fa58,arb,,0x095ea7b3,,127279.01,4,0.00%,
0x5520f0871652fbbfb279d5ea6eb01d3f8bba866c,arb,,0xefef39a1,,3892190.09,4,0.00%,
0xdbdb4d16eda451d0503b854cf79d55697f90c8df,eth,,0x23b872dd,,36466.64,4,0.00%,
0x732c5e9d282e0547b8dc8912f92f9c653540fddf,arb,,0xd915d4b5,,45145.43,4,0.00%,
0x6dd51520825b170c32ef322eadcbd53594929a8a,arb,,0x095ea7b3,,30948.05,4,0.00%,
0x9334e37fad7c41cd6c9565bff3a97ce31cee52a3,bsc,,0xa9059cbb,,36466.64,4,0.00%,
0x49cf6f5d44e70224e2e23fdcdd2c053f30ada28b,eth,,0x42842e0e,,80092.375,4,0.00%,
0x73186f2cf2493f20836b17b21ae79fc12934e207,arb,,0x0ad58d2f,,359712.425,4,0.00%,
0x242df97a76794033ab5c9772789ed8acaaa48295,base,,0x9dbb844d,,17961.085,4,0.00%,
0x9a06db14d639796b25a6cec6a1bf614fd98815ec,matic,,0x23b872dd,,36466.64,4,0.00%,
0xa0804c1b22510d3c5edd0841a0543fa5a680e3e0,arb,,0x93619dd1,,11885.84333,4,0.00%,
0xad9f61563b104281b14322fec8b42eb67711bf68,matic,,0x095ea7b3,,350654.115,4,0.00%,
0xa80eede0d0518777201b52ac9fe484c296998549,eth,,0x3ccfd60b,,435912.52,4,0.00%,
0x18385240632282bb38c2f6f279c9c2735da38cf6,arb,,0x51905636,,89842.83,4,0.00%,
0x1258d60b224c0c5cd888d37bbf31aa5fcfb7e870,eth,,0x095ea7b3,,66166.44667,4,0.00%,
0xf508fcd89b8bd15579dc79a6827cb4686a3592c8,bsc,,0x23b872dd,,36466.64,4,0.00%,
0x10686d9daed9895a22e770b2a463aae7f25afdce,op,,0x3d18b912,,11583606.6,4,0.00%,
0xbddcf6ab290e7ad076ca103183730d1bf0661112,base,,0x479ad4c3,,359117.49,4,0.00%,
0xaec945e04baf28b135fa7c640f624f8d90f1c3a6,bsc,,0x095ea7b3,,139677.26,4,0.00%,
0xabe9d0e4ad08e605d57a0c10f9d13e0e7283ea50,eth,,0x42842e0e,,28061.24,4,0.00%,
0xa027942abd42c0098c11a84df44cce58546cfb69,eth,,0x54c98403,,27969.40333,4,0.00%,
0xa43ddbcc4b78512c316bd7091b4c60f06db0fe42,arb,,0x63aca53c,,350645.87,4,0.00%,
0x183368d767b299681fdf660233e39f9f8cf8be3a,eth,,0xa22cb465,,7222.44301,4,0.00%,
0xb852c6b5892256c264cc2c888ea462189154d8d7,eth,,0xa22cb465,,13964.97333,4,0.00%,
0xb05cabcd99cf9a73b19805edefc5f67ca5d1895e,eth,,0x095ea7b3,,1167671.263,4,0.00%,
0xf8a0bf9cf54bb92f17374d9e9a321e6a111a51bd,bsc,,0x23b872dd,,36466.64,4,0.00%,
0xf7c1cefcf7e1dd8161e00099facd3e1db9e528ee,base,,0x095ea7b3,,91400.57,4,0.00%,
0xba2ae424d960c26247dd6c32edc70b295c744c43,bsc,,0x23b872dd,,36466.64,4,0.00%,
0xbe3111856e4aca828593274ea6872f27968c8dd6,base,,0x095ea7b3,,31292.1,4,0.00%,
0x1f3ba804efb9cfe17d595e7262cea4782dbf6e4e,base,,0x095ea7b3,,208767.553,4,0.00%,
0x0aefad19aa454bcc1b1dd86e18a7d58d0a6fac38,arb,,0x8dbdbe6d,,446965.42,4,0.00%,
0xdcd6d4a557ff208f01d4c2b5bf829078622c37c5,eth,,0xa22cb465,,38645.9275,4,0.00%,
0x16613524e02ad97edfef371bc883f2f5d6c480a5,base,,0xe0c11f9a,,3884953.86,4,0.00%,
0xaa9654becca45b5bdfa5ac646c939c62b527d394,matic,,0x095ea7b3,,107890.66,4,0.00%,
0x894134a25a5fac1c2c26f1d8fbf05111a3cb9487,arb,,0x095ea7b3,,180291.598,4,0.00%,
0xb4e570232d3e55d2ee850047639dc74da83c7067,eth,,0x42842e0e,,55625.38333,4,0.00%,
0x9813037ee2218799597d83d4a5b6f3b6778218d9,eth,,0x23b872dd,,36466.64,4,0.00%,
0x4c91993ec24b9a0a11984305d38a05fd45eccb31,arb,,0x2f402326,,113652.863,4,0.00%,
0x7448c7456a97769f6cd04f1e83a4a23ccdc46abd,eth,,0x095ea7b3,,407640.813,4,0.00%,
0x4c91993ec24b9a0a11984305d38a05fd45eccb31,arb,,0x590e1ae3,,113652.8625,4,0.00%,
0x4aa2bc42fcac903e5732dfd419eeb09d97ae287c,arb,,0xa22cb465,,169644.674,4,0.00%,
0x856c4efb76c1d1ae02e20ceb03a2a6a08b0b8dc3,eth,,0xa9059cbb,,3404573,4,0.00%,
0x1231deb6f5749ef6ce6943a275a1d3e7486f4eae,base,,0xbab657d8,,1295374.71,4,0.00%,
0x0e13914f4fe838e96346ce42f588193eb17d92b6,eth,,0x095ea7b3,,15311.74333,4,0.00%,
0xc643e06d684bd80ef5fd498f7dcd26ad711bb1bf,bsc,,0x454b0608,,420493.265,4,0.00%,
0x3022a1277b1377d3c2f763146f1a290190265f99,eth,,0x1bff5ed9,,13993.37,4,0.00%,
0x23bbc9b8310aaa77e6f6fc0be997e674f15bfbd3,matic,,0x42842e0e,,55147.91,4,0.00%,
0x598ce0f1ab64b27256759ef99d883ee51138b9bd,arb,,0xac9650d8,,40058.05,4,0.00%,
0xc3aa9bc72bd623168860a1e5c6a4530d3d80456c,eth,,0x2407a746,,87859.32667,4,0.00%,
0x6602e9319f2c5ec0ba31ffcdc4301d7ef03b709e,eth,,0x095ea7b3,,79368.7875,4,0.00%,
0x6310961c5ab148f93edeac0cd1a14cddedfa9d32,op,,0xde5f6268,,30362172.7,4,0.00%,
0xdaf1695c41327b61b9b9965ac6a5843a3198cf07,eth,,0x8b886bf2,,120712.438,4,0.00%,
0xc944e90c64b2c07662a292be6244bdf05cda44a7,eth,,0x23b872dd,,36466.64,4,0.00%,
0xf8f4a417dbb936c2aa0fcc9e14ecc9825b13b0b5,bsc,,0xa9059cbb,,36466.64,4,0.00%,
0x1231deb6f5749ef6ce6943a275a1d3e7486f4eae,op,,0x3a3f7332,,357828.9335,4,0.00%,
0x2bca0300c2aa65de6f19c2d241b54a445c9990e2,eth,,0xda82ae4e,,30362172.7,4,0.00%,
0xd283a28619d25596995cf23b13c304171b582b7c,zksync,,0x095ea7b3,,56338.9,4,0.00%,
0x7be469a9a7b30f200309239c0eca6c611e047a50,avax,,0x3a571299,,2201.44,4,0.00%,
0xcaedc2561356b6a01a94e3c0438011459e91fbb9,base,,0xd294f093,,167676.675,4,0.00%,
0x27c073e8427aa493a90b8dc8b73a89e670fd77bb,bsc,,0x095ea7b3,,139677.26,4,0.00%,
0x5de8ab7e27f6e7a1fff3e5b337584aa43961beef,eth,,0x23b872dd,,36466.64,4,0.00%,
0x794a61358d6845594f94dc1db02a252b5b4814ad,arb,,0x02c205f0,,3931207.463,4,0.00%,
0xacfb898cff266e53278cc0124fc2c7c94c8cb9a5,avax,,0x095ea7b3,,48903.56,4,0.00%,
0x5422aa06a38fd9875fc2501380b40659feebd3bb,arb,,0xb989185a,,106911.825,4,0.00%,
0x4498cd8ba045e00673402353f5a4347562707e7d,base,,0x095ea7b3,,31154.99,4,0.00%,
0xdef171fe48cf0115b1d80b88dc8eab59176fee57,ftm,,0x54e3f31b,,429035.86,4,0.00%,
0xe0b015e54d54fc84a6cb9b666099c46ade9335ff,zksync,,0x1186ec33,,30735.68,4,0.00%,
0xbfb2b6870501a6ff17121d676a0a45a38c9eed1e,eth,,0x23b872dd,,36466.64,4,0.00%,
0xb20116ee399f15647bb1eef9a74f6ef3b58bc951,linea,,0x095ea7b3,,2466.365,4,0.00%,
0x3a1d0952809f4948d15ebce8d345962a282c4fcb,bsc,,0x310bd74b,,1071894.9,4,0.00%,
0x6d80113e533a2c0fe82eabd35f1875dcea89ea97,avax,,0x23b872dd,,36466.64,4,0.00%,
0xf0e9ac808c7404c57a5d008c343e33ba76cf93c3,eth,,0x23b872dd,,2302.46,4,0.00%,
0x8ee325ae3e54e83956ef2d5952d3c8bc1fa6ec27,eth,,0x095ea7b3,,240012.803,4,0.00%,
0x18381c0f738146fb694de18d1106bde2be040fa4,zksync,,0xe8e33700,,42005.625,4,0.00%,
0xb160a5f19ebccd8e0549549327e43ddd1d023526,bsc,,0x23b872dd,,36466.64,4,0.00%,
0xaaa3bfb53d5d5116faedc5dd457531f8465f78af,base,,0x01,,435912.52,4,0.00%,
0xf2db8ccc72ca0cec40a98639aadafc68dccba747,bsc,,0x2b85ba38,,36466.64,4,0.00%,
0xc3b609357539a35673cc50e5ca4fa57da1bfec7b,arb,,0x206c30e8,,11583606.6,4,0.00%,
0x7dac480d20f322d2ef108a59a465ccb5749371c4,matic,,0xa0712d68,,2400658.629,4,0.00%,
0x1231deb6f5749ef6ce6943a275a1d3e7486f4eae,op,,0xae0b91e5,,93324.36448,4,0.00%,
0x78132543d8e20d2417d8a07d9ae199d458a0d581,eth,,0x23b872dd,,36466.64,4,0.00%,
0x9bf543d8460583ff8a669aae01d9cdbee4defe3c,bsc,,0x095ea7b3,,23225.18,4,0.00%,
0x86bb63148d17d445ed5398ef26aa05bf76dd5b59,op,,0x76a9099a,,19538.7275,4,0.00%,
0x00000000ede6d8d217c60f93191c060747324bca,eth,,0x8b0a6ef9,,4188847.167,4,0.00%,
0x794a61358d6845594f94dc1db02a252b5b4814ad,arb,,0x563dd613,,135330.4533,4,0.00%,
0x0b15ddf19d47e6a86a56148fb4afffc6929bcb89,bsc,,0x095ea7b3,,3981420.75,4,0.00%,
0xb0c2bdc425fd01c33d8514f8be016070212bdc6a,zksync,,0x095ea7b3,,106327.2728,4,0.00%,
0xd1db4851bcf5b41442caa32025ce0afe6b8eabc2,base,,0x095ea7b3,,750386.18,4,0.00%,
0x3446dd70b2d52a6bf4a5a192d9b0a161295ab7f9,eth,,0x095ea7b3,,332257.27,4,0.00%,
0xa1ad8481e83a5b279d97ab371bccd5ae3b446ea6,base,,0xc5ebeaec,,11583606.6,4,0.00%,
0xbcfeb7d29bb1b40c6ea3a9e3d0822a79819d63f3,eth,,0xd2645d20,,1735572.67,4,0.00%,
0xd668d06c9c035cf77fb935489a866d6d4ac951ed,base,,0x095ea7b3,,293933.1067,4,0.00%,
0x61cece14e222385d5ac83f3d0cbd518f5feb3559,eth,,0x23b872dd,,2302.46,4,0.00%,
0x523d5581a0bb8bb2bc9f23b5202894e31124ea3e,matic,,0x65f0f5c2,,47282.96,4,0.00%,
0x0000000000000068f116a894984e2db1123eb395,arb,,0x87201b41,,1440015.32,4,0.00%,
0x4c91993ec24b9a0a11984305d38a05fd45eccb31,arb,,0x4e71d92d,,113652.863,4,0.00%,
0xf1df7305e4bab3885cab5b1e4dfc338452a67891,eth,,0x23b872dd,,36466.64,4,0.00%,
0x1cc128a5d977b3ba7d598f01db20a2116f59ef68,arb,,0x095ea7b3,,139677.26,4,0.00%,
0x80ce48e2f17fb9a39089f58f148adbeeb37b0455,matic,,0x095ea7b3,,159323.87,4,0.00%,
0x1231deb6f5749ef6ce6943a275a1d3e7486f4eae,matic,,0xe40f2460,,86355.08286,4,0.00%,
0x08c32b0726c5684024ea6e141c50ade9690bbdcc,eth,,0xa9059cbb,,3404573,4,0.00%,
0x3335733c454805df6a77f825f266e136fb4a3333,op,,0xe1fcde8e,,53580.38266,4,0.00%,
0x826180541412d574cf1336d22c0c0a287822678a,eth,,0xa9059cbb,,1740310.06,4,0.00%,
0x8c81b4c816d66d36c4bf348bdec01dbcbc70e987,base,,0x095ea7b3,,30763.1902,4,0.00%,
0xde1e598b81620773454588b85d6b5d4eec32573e,linea,,0xae0b91e5,,14765.40333,4,0.00%,
0x761d38e5ddf6ccf6cf7c55759d5210750b5d60f3,eth,,0x23b872dd,,36466.64,4,0.00%,
0xf2a541b200ce09591fce7f9b7ec4a2c12ffc3824,op,,0x579b3118,,471379.973,4,0.00%,
0x138448a5506112af8a3e858e220776c87a0f96b3,matic,,0x2b85ba38,,36466.64,4,0.00%,
0xb2aeacf3dd8b6e8dd5c6f1481234b4539d056162,eth,,0x1cff79cd,,1006390.31,4,0.00%,
0xa9b08b4ceec1ef29edec7f9c94583270337d6416,eth,,0x56853398,,10129193.1,4,0.00%,
0x49de69f69cd6c4bbb533083c234c5e1e80ca5465,eth,,0x4a21a2df,,18793.605,4,0.00%,
0x3b968d2d299b895a5fcf3bba7a64ad0f566e6f88,eth,,0x35611f7e,,7024.35,4,0.00%,
0x9e9fbde7c7a83c43913bddc8779158f1368f0413,eth,,0x23b872dd,,36466.64,4,0.00%,
0x5c7bcd6e7de5423a257d81b442095a1a6ced35c5,eth,,0x1186ec33,,99732.09667,4,0.00%,
0x649d58fd8fa2361535c159013728fcbec016da4a,eth,,0x00f714ce,,49924.35667,4,0.00%,
0x916c6af08bf922eaf80c05975886c0a421c78a35,eth,,0xa22cb465,,42649.2,4,0.00%,
0xad86d0e9764ba90ddd68747d64bffbd79879a238,bsc,,0x095ea7b3,,27778.59667,4,0.00%,
0x844fa689242a6b424010042213f3e7a42aed1666,matic,,0xcf0de7dd,,6498.42,4,0.00%,
0x823556202e86763853b40e9cde725f412e294689,eth,,0x095ea7b3,,366310.245,4,0.00%,
0xbedfe15e367fb64789611c5d85f18c4cf757ecd8,matic,,0x3183d9ef,,1126.4,4,0.00%,
0x70e967acfcc17c3941e87562161406d41676fd83,eth,,0x8e0f8e7e,,291962.6333,4,0.00%,
0xa6a01f4b494243d84cf8030d982d7eeb2aecd329,avax,,0xe2bbb158,,94540.20667,4,0.00%,
0x78bcbe6b5df0b1775576b3a7bdab622e18f177a5,base,,0xb9e1cdeb,,2906746.72,4,0.00%,
0xd555498a524612c67f286df0e0a9a64a73a7cdc7,eth,,0x42842e0e,,36466.64,4,0.00%,
0x650c5d8f7068a96beb9daf6378ffb4243b48cd3c,base,,0x0020311b,,138144.41,4,0.00%,
0x16cd38b1b54e7abf307cb2697e2d9321e843d5aa,arb,,0x85edd8ae,,100866.71,4,0.00%,
0x96c4a48abdf781e9c931cfa92ec0167ba219ad8e,arb,,0x1338736f,,506862.28,4,0.00%,
0x8f8221afbb33998d8584a2b05749ba73c37a938a,eth,,0xa9059cbb,,3404573,4,0.00%,
0x217d47011b23bb961eb6d93ca9945b7501a5bb11,op,,0x095ea7b3,,383694.948,4,0.00%,
0xbc431337b2e2fb53032b6c5216c08451271eb1f0,avax,,0x095ea7b3,,192007.13,4,0.00%,
0x8b91f277501cf8322ebe34f137dd35b384b353c7,eth,,0x095ea7b3,,206468.8133,4,0.00%,
0x8357b8b211a02d8d0d2e1d947f7a4898cfc5af41,eth,,0xd393c871,,623671.1533,4,0.00%,
0x2ac2b254bc18cd4999f64773a966e4f4869c34ee,arb,,0xa9059cbb,,3912369.277,4,0.00%,
0x60be1e1fe41c1370adaf5d8e66f07cf1c2df2268,eth,,0x23b872dd,,36466.64,4,0.00%,
0x1231deb6f5749ef6ce6943a275a1d3e7486f4eae,matic,,0xd40e64cc,,52728.065,4,0.00%,
0xd72e6d13be71a6d8cfd3508f6c262744cf4cfb2b,arb,,0x095ea7b3,,67423.8575,4,0.00%,
0xd65ae56b4f71691d9c24fd000a30d73f2a3b66d2,matic,,0x97bc35a8,,3399.84,4,0.00%,
0x8abd9a383fb68c9354ada2c7783f4f12a9f7f8fe,bsc,,0xa22cb465,,301508.35,4,0.00%,
0x16296859c15289731521f199f0a5f762df6347d0,eth,,0xe74fac20,,3906012.64,4,0.00%,
0x63097e97ba51b64547cf1f4ba154495d7af74582,arb,,0x095ea7b3,,392125.595,4,0.00%,
0x435512bdfe6436172c77040a35cf2b271f92eb0b,eth,,0x5c09967a,,10129193.1,4,0.00%,
0x36cb65c1967a0fb0eee11569c51c2f2aa1ca6f6d,eth,,0x4870496f,,239589.79,4,0.00%,
0xc548e90589b166e1364de744e6d35d8748996fe8,eth,,0x095ea7b3,,54877.41579,4,0.00%,
0x59a729658e9245b0cf1f8cb9fb37945d2b06ea27,arb,,0x23b872dd,,36466.64,4,0.00%,
0x2bca0300c2aa65de6f19c2d241b54a445c9990e2,eth,,0xd92ff442,,308374.93,4,0.00%,
0x7590c1aa03b6ac395e62b2a8b382272e4e1e823d,op,,0xdc707bf1,,199071.215,4,0.00%,
0x8659a54d54134683208a40f05c85db0d51b9f3fe,arb,,0x095ea7b3,,42381.31333,4,0.00%,
0x45a3b93955ecff23bea82d3a6e500a5e4030ca06,avax,,0x84bb1e42,,152779.175,4,0.00%,
0x7a250d5630b4cf539739df2c5dacb4c659f2488d,eth,,0xded9382a,,165308.2067,4,0.00%,
0xa39a5f160a1952ddf38781bd76e402b0006912a9,base,,0xbe167b9d,,19490.74,4,0.00%,
0x895f39cec8d6c2a4c956ee1eed854b86e4e2b7a2,base,,0x01,,0,4,0.00%,
0x1231deb6f5749ef6ce6943a275a1d3e7486f4eae,matic,,0xa74ccb35,,190521.0017,4,0.00%,
0xe2538a84bdc7d34c9ee7f89c835ce78f07d816d5,arb,,0x4e71d92d,,280206.8967,4,0.00%,
0x5d83f93716d799c13dd01cda1566403886d79610,eth,,0xe7d51611,,134786.713,4,0.00%,
0x52f7a2725c83344dab1c0ed1af8582a6aa2dc02a,eth,,0x1e83409a,,60800.1,4,0.00%,
0x3f1efed96eb7f98f0618136133d795f5997ecef4,bsc,,0x7ad09dff,,50468.4625,4,0.00%,
0x998305efdc264b9674178899fffbb44a47134a76,bsc,,0x095ea7b3,,30126.63,4,0.00%,
0x000000000000ad05ccc4f10045630fb830b95127,eth,,0x627cdcb9,,62606.66667,4,0.00%,
0x68313f1a6a60d05dd767811643406339e8e8d034,arb,,0x65fc3873,,147833.03,4,0.00%,
0x33da53f731458d6bc970b0c5fcbb0b3db4aaa470,ftm,,0x76c72751,,425008.915,4,0.00%,
0x0000000000000068f116a894984e2db1123eb395,eth,,0x87201b41,,1440015.32,4,0.00%,
0x284ddada0b71f2d0d4e395b69b1013dbf6f3e6c1,base,,0xd294f093,,166652.4633,4,0.00%,
0xdfa46478f9e5ea86d57387849598dbfb2e964b02,op,,0x095ea7b3,,4875818.41,4,0.00%,
0x41c914ee0c7e1a5edcd0295623e6dc557b5abf3c,op,,0x310bd74b,,39931.91,4,0.00%,
0x594daad7d77592a2b97b725a7ad59d7e188b5bfa,eth,,0x095ea7b3,,397047.7067,4,0.00%,
0x9b5def958d0f3b6955cbea4d5b7809b2fb26b059,zksync,,0xfb689088,,245653.45,4,0.00%,
0xfb932a75c5f69d03b0f6e59573fde6976af0d88c,eth,,0x095ea7b3,,1798.36,4,0.00%,
0x70c575588b98c1f46b1382c706adaf398a874e3e,matic,,0xd422b242,,243645.9,4,0.00%,
0xd152f549545093347a162dce210e7293f1452150,matic,,0xc73a2d60,,26179.022,4,0.00%,
0x1d42783e7eeacae12ebc315d1d2d0e3c6230a068,arb,,0xba087652,,68998.35,4,0.00%,
0x6aa71f6434b42a9769f29159ba90a7840c1aed9f,eth,,0x00,,0,4,0.00%,
0x0257ffd7ea2ebba4aaa090c7adbdd032a08c1f74,eth,,0xa9059cbb,,3404573,4,0.00%,
0xa65ba71d653f62c64d97099b58d25a955eb374a0,eth,,0xa22cb465,,4318.045,4,0.00%,
0x8cdbd7010bd197848e95c1fd7f6e870aac9b0d3c,eth,,0xa22cb465,,57966.5775,4,0.00%,
0x0c430e617dfa90ac42425f0b9a90d9056a7c70d8,avax,,0xb7482509,,22767.56,4,0.00%,
0x9333c74bdd1e118634fe5664aca7a9710b108bab,bsc,,0xb80c2f09,,5039.503333,4,0.00%,
0x6c249b6f6492864d914361308601a7abb32e68f8,eth,,0x23b872dd,,36466.64,4,0.00%,
0xdd3e797522e15c3ede6ed468738cba754e1de558,base,,0xc00007b0,,7605005.06,4,0.00%,
0x1231deb6f5749ef6ce6943a275a1d3e7486f4eae,base,,0x83f31917,,102761.56,4,0.00%,
0x9996fcfa25b234e80bcf876d83d2e7f338f9bda5,eth,,0xdbf57dd5,,36616.27,4,0.00%,
0x49caeb8175dc9db709d4e6299cf8252dddee2738,eth,,0x85dc1df5,,0,4,0.00%,
0x3a810ff7211b40c4fa76205a14efe161615d0385,eth,,0xa9059cbb,,9362.32,4,0.00%,
0x00d2b31aefc3a04b9d48203c6de78fc810cb2b51,arb,,0xcf2d9dc7,,84386.48,4,0.00%,
0xad9f9194c68bd83250a534a7da574687e1f102ff,base,,0x01,,437412.68,4,0.00%,
0xf1b4ddf712e108cf43711b1c39f2fddb0d5ce243,base,,0x095ea7b3,,36537.15667,4,0.00%,
0x40301951af3f80b8c1744ca77e55111dd3c1dba1,arb,,0x095ea7b3,,376558.1633,4,0.00%,
0x4f39f12064d83f6dd7a2bdb0d53af8be560356a6,eth,,0x8e9171b0,,8050028.185,4,0.00%,
0x14cfd6b71163360b2a176ea167c2800b2deb8296,base,,0x01,,81808.74,4,0.00%,
0x1b02da8cb0d097eb8d57a175b88c7d8b47997506,arb,,0x38ed1739,,95904.06,4,0.00%,
0xc73b17179bf0c59cd5860bb25247d1d1092c1088,eth,,0xa22cb465,,143582.4533,4,0.00%,
0xc6764e58b36e26b08fd1d2aed4538c02171fa872,eth,,0xc2c4c5c1,,670698.34,4,0.00%,
0xa86dd95c210dd186fa7639f93e4177e97d057576,arb,,0xc2998238,,42193.24,4,0.00%,
0x3e2324342bf5b8a1dca42915f0489497203d640e,eth,,0xa9059cbb,,36466.64,4,0.00%,
0xe010ec500720be9ef3f82129e7ed2ee1fb7955f2,eth,,0x095ea7b3,,168807.2833,4,0.00%,
0xafdf91f120dec93c65fd63dbd5ec372e5dca5f82,op,,0x852a12e3,,30362172.7,4,0.00%,
0x97801654d2048e639043c77b16bc906541b3490a,arb,,0xf6326fb3,,69437.685,4,0.00%,
0x00000000ede6d8d217c60f93191c060747324bca,arb,,0x1b6044ed,,197208.94,4,0.00%,
0x03ee5026c07d85ff8ae791370dd0f4c1ae6c97fc,eth,,0x23b872dd,,36466.64,4,0.00%,
0xa906f338cb21815cbc4bc87ace9e68c87ef8d8f1,arb,,0x30b70002,,208727.235,4,0.00%,
0xa88b82af76ecf08cf652846d10857eaeeca40c97,eth,,0xa22cb465,,50948.86,4,0.00%,
0x4a537f61ef574153664c0dbc8c8f4b900cacbe5d,eth,,0x42842e0e,,986798.4967,4,0.00%,
0xc36442b4a4522e871399cd717abdd847ab11fe88,arb,,0x095ea7b3,,197208.94,4,0.00%,
0xc738cdb5140d6b7f688ba05a25c8a51568622d96,eth,,0x9ebea88c,,36784.3075,4,0.00%,
0xa178a73f6e215531047d3486f8edc68d14548f6b,eth,,0xa22cb465,,38929.895,4,0.00%,
0xd971c0407ae346bdb87bdb6bfc1efcd0f229faa0,matic,,0xf5d37812,,19339.5,4,0.00%,
0x0290d49f53a8d186973b82faafdafe696b29acbb,eth,,0x42842e0e,,9023.11,4,0.00%,
0x4976fb03c32e5b8cfe2b6ccb31c09ba78ebaba41,eth,,0x8b95dd71,,40588.4725,4,0.00%,
0x217749d9017cb87712654422a1f5856aaa147b80,arb,,0x7e108d52,,2941651.06,4,0.00%,
0xb0c22d8d350c67420f06f48936654f567c73e8c8,matic,,0x095ea7b3,,1378053.653,4,0.00%,
0x3db5463a9e2d04334192c6f2dd4b72def4751a61,eth,,0x23b872dd,,2302.46,4,0.00%,
0x1f9bd6986d0cdcde9fbbe87d142f3dc4ddca1fd9,avax,,0x0020311b,,138144.41,4,0.00%,
0xae78736cd615f374d3085123a210448e74fc6393,eth,,0xa9059cbb,,174787.59,4,0.00%,
0x0e082f06ff657d94310cb8ce8b0d9a04541d8052,avax,,0xc6878519,,50648.6375,4,0.00%,
0xf5bf718beafc62503aa5b30e982ee2e050632df1,zksync,,0xb49c99b8,,4473.7225,4,0.00%,
0x231b0ee14048e9dccd1d247744d114a4eb5e8e63,eth,,0x8b95dd71,,33080.4,4,0.00%,
0xbe1041a5926e388b037a9fd569ad1eb475177517,matic,,0x731133e9,,28108.595,4,0.00%,
0xf33e899feab2887793a87cd570138ed2688dc56b,op,,0x2b85ba38,,36466.64,4,0.00%,
0x7868a55b638ed298370c16f83fa32b26664726ab,zksync,,0x4c674c2d,,45371.0025,4,0.00%,
0x86cc33dbe3d2fb95bc6734e1e5920d287695215f,eth,,0xfea99c4b,,243645.9,4,0.00%,
0x3300b02efa180c99a2f61f4731665b51e4e254c4,eth,,0x095ea7b3,,196896.2733,4,0.00%,
0x4f2540e751a77cf18b6a67ce85466e47c222da4f,op,,0x526a6922,,8211.116667,4,0.00%,
0x60a7ce6565f25e7f9eeb3ea2c8961393993d0133,eth,,0x4831793d,,61991.885,4,0.00%,
0x2c4909355b0c036840819484c3a882a95659abf3,base,,0x095ea7b3,,81808.74,4,0.00%,
0xddaecf4b02a3e45b96fc2d7339c997e072b0d034,arb,,0x1df0af3f,,126221.9867,4,0.00%,
0x1b829b926a14634d36625e60165c0770c09d02b2,eth,,0xa22cb465,,22807.085,4,0.00%,
0x366c1b89aa0783d0886b9ef817d10c8729783dcb,linea,,0x363b2eb2,,15289.85667,4,0.00%,
0xaa5c2648b06348f2a5f67f40158fe321066b8dca,op,,0x434dcfba,,22950.3125,4,0.00%,
0x4f8746ce8946490464f6c1df99ca8ce34398d8ac,arb,,0xd1aaef05,,127279.01,4,0.00%,
0x5fc44e95eaa48f9eb84be17bd3ac66b6a82af709,zksync,,0x095ea7b3,,38440.18333,4,0.00%,
0xff836a5821e69066c87e268bc51b849fab94240c,eth,,0x095ea7b3,,256004.5133,4,0.00%,
0x2b2c81e08f1af8835a78bb2a90ae924ace0ea4be,avax,,0xa9059cbb,,36466.64,4,0.00%,
0x3556e8b925ee20c1fc6a00107fd449522338f7fd,bsc,,0x35bcf347,,89861.6,4,0.00%,
0x9b6226dd0191a77d032f56a6d383044ee99944c3,arb,,0x095ea7b3,,86366.295,4,0.00%,
0xd55210bb6898c021a19de1f58d27b71f095921ee,eth,,0x095ea7b3,,191213.8325,4,0.00%,
0xff202313e26974cfc4ab0121c485ba54303a2e41,op,,0x82cee55c,,3226312.76,4,0.00%,
0x7bfd9a55f4c00783b5a8ea18f7735e1a405dd520,eth,,0x42842e0e,,25071.09667,4,0.00%,
0x1b02da8cb0d097eb8d57a175b88c7d8b47997506,arb,,0x02751cec,,36961.3329,4,0.00%,
0xf2a541b200ce09591fce7f9b7ec4a2c12ffc3824,op,,0x7c003756,,471379.973,4,0.00%,
0xda47862a83dac0c112ba89c6abc2159b95afd71c,eth,,0x095ea7b3,,10227509.5,4,0.00%,
0xbfb4b5616044eded03e5b1ad75141f0d9cb1499b,zksync,,0x095ea7b3,,6285.075,4,0.00%,
0x93e11be33b25d562635558348da0dd5f74d8377b,arb,,0x640ee4b5,,125070.6933,4,0.00%,
0x18b782753f37a2bf29fdf60f8ae9ba61ce4cff58,base,,0x01,,0,4,0.00%,
0xad6742a35fb341a9cc6ad674738dd8da98b94fb1,bsc,,0x095ea7b3,,142866.2367,4,0.00%,
0xd564c25b760cb278a55bdd98831f4ff4b6c97b38,eth,,0xa22cb465,,78951.04029,4,0.00%,
0x3caae25ee616f2c8e13c74da0813402eae3f496b,arb,,0x549230c9,,241372.818,4,0.00%,
0xe8a886139a29cc4a22441c99b4a101f4508cf877,avax,,0x9e2c8a5b,,318119.34,4,0.00%,
0xd152f549545093347a162dce210e7293f1452150,arb,,0xe63d38ed,,106617.1486,4,0.00%,
0x65d3113f809180b1e263f38b8404941a6a7f5299,base,,0x01,,108604.11,4,0.00%,
0x7122985656e38bdc0302db86685bb972b145bd3c,eth,,0x51905636,,131305.31,4,0.00%,
0x58b9cb810a68a7f3e1e4f8cb45d1b9b3c79705e8,matic,,0x23b872dd,,36466.64,4,0.00%,
0x9040e41ef5e8b281535a96d9a48acb8cfabd9a48,eth,,0xc2a672e0,,130096.6427,4,0.00%,
0xa5e2ec4682a32605b9098ddd7204fe84ab932fe4,eth,,0x5c078f17,,13990204.58,4,0.00%,
0xaf5191b0de278c7286d6c7cc6ab6bb8a73ba2cd6,ftm,,0x9fbf10fc,,162163.4867,4,0.00%,
0x5de9d7a66246726b3639ecfa3a0e553e5d5c0030,base,,0x01,,7487.09,4,0.00%,
0xc388fae5c90e0fb95ca1e76674a3439db07a6579,arb,,0x2205306d,,31132.795,4,0.00%,
0x4c584cbc3a221998dc003349e1c12a4179e97b25,base,,0x095ea7b3,,18436.5,4,0.00%,
0x99a9b7c1116f9ceeb1652de04d5969cce509b069,eth,,0x42842e0e,,71242.34667,4,0.00%,
0x1aae1a668c92eb411eafd80dd0c60ca67ad17a1c,eth,,0xa22cb465,,301508.35,4,0.00%,
0x73576a927cd93a578a9dfd61c75671d97c779da7,eth,,0x095ea7b3,,68153.00684,4,0.00%,
0x38930aae699c4cd99d1d794df9db41111b13092b,eth,,0xa22cb465,,34314.60667,4,0.00%,
0x040d1edc9569d4bab2d15287dc5a4f10f56a56b8,arb,,0x095ea7b3,,1289590.76,4,0.00%,
0xaf9c4f6a0ceb02d4217ff73f3c95bbc8c7320cee,arb,,0x1dbdaa84,,7259782.29,4,0.00%,
0x82a91a0d599a45d8e9af781d67f695d7c72869bd,eth,,0xb6b55f25,,150892.345,4,0.00%,
0x6532b97295a0728880ae81d5cd7248f32e24e39a,matic,,0xa38a50fc,,12663.7553,4,0.00%,
0x3aee6ca602c060883201b89c64cb5f782f964879,arb,,0x87a4459b,,489158.66,4,0.00%,
0x04c17b9d3b29a78f7bd062a57cf44fc633e71f85,eth,,0x23b872dd,,36466.64,4,0.00%,
0x5f7cbcb391d33988dad74d6fd683aadda1123e4d,zksync,,0x70a1903d,,44914.21,4,0.00%,
0x67ccea5bb16181e7b4109c9c2143c24a1c2205be,op,,0x095ea7b3,,598305.835,4,0.00%,
0x000000000000c9b3e2c3ec88b1b4c0cd853f4321,arb,,0x5413fba7,,89407.545,4,0.00%,
0x5f6a505af7785fc18cdb35080d89b2c0bb2bb533,eth,,0x1feed31f,,54302.575,4,0.00%,
0x00000000009726632680fb29d3f7a9734e3010e2,matic,,0x999b6464,,18916.684,4,0.00%,
0x49b4d1df40442f0c31b1bbaea3ede7c38e37e31a,eth,,0xc00007b0,,30362172.7,4,0.00%,
0x2b1bcbd399b9ba0b3d455b8131d1e7deef938d54,arb,,0x095ea7b3,,39036.06,4,0.00%,
0x7a250d5630b4cf539739df2c5dacb4c659f2488d,eth,,0xf305d719,,52201.795,4,0.00%,
0xb4e319a082c61edc7fdde36ec0f5f8b1f495d87a,linea,,0x235c9238,,93208.425,4,0.00%,
0xfbbf371c9b0b994eebfcc977cef603f7f31c070d,bsc,,0x56afe744,,1578468.21,4,0.00%,
0xca4ba356474cbe13cceff570cf9fc1bab15f11e4,eth,,0x3e97394c,,3226312.76,4,0.00%,
0x37aa84e2b62a18894610227acb4d3c77346d9c27,arb,,0x33639ace,,15181576.7,4,0.00%,
0x23d29d30e35c5e8d321e1dc9a8a61bfd846d4c5c,matic,,0x23b872dd,,36466.64,4,0.00%,
0xc14b4d4ca66f40f352d7a50fd230ef8b2fb3b8d4,eth,,0x23b872dd,,36466.64,4,0.00%,
0xe3b9cfb8ea8a4f1279fbc28d3e15b4d2d86f18a0,eth,,0x095ea7b3,,9786.483333,4,0.00%,
0x8b147a2d4fc3598079c64b8bf9ad2f776786cfed,op,,0x78c77a24,,11583606.6,4,0.00%,
0xc5db68f30d21cbe0c9eac7be5ea83468d69297e6,zksync,,0x1249c58b,,34448.88333,4,0.00%,
0xb5c457ddb4ce3312a6c5a2b056a1652bd542a208,op,,0x095ea7b3,,111138.0002,4,0.00%,
0x851b3fb3c3178cd3fbaa0cdaae0175efa15a30f1,arb,,0xb80c37e7,,84386.48,4,0.00%,
0xd807f7e2818db8eda0d28b5be74866338eaedb86,eth,,0x23b872dd,,36466.64,4,0.00%,
0x2326d4fb2737666dda96bd6314e3d4418246cfe8,base,,0x01,,10129193.1,4,0.00%,
0x5f6ae08b8aeb7078cf2f96afb089d7c9f51da47d,eth,,0x0a553dcb,,10783.4825,4,0.00%,
0x9378368ba6b85c1fba5b131b530f5f5bedf21a18,eth,,0xa22cb465,,102722.2767,4,0.00%,
0x54e44dbb92dba848ace27f44c0cb4268981ef1cc,eth,,0x47e7ef24,,7690070.55,4,0.00%,
0x477bc8d23c634c154061869478bce96be6045d12,bsc,,0x23b872dd,,36466.64,4,0.00%,
0x2442435dcacfdacb23a68a11281ae17a3fe8ece8,eth,,0x23b872dd,,2302.46,4,0.00%,
0xfbbf371c9b0b994eebfcc977cef603f7f31c070d,bsc,,0x095ea7b3,,129487.135,4,0.00%,
0xaea46a60368a7bd060eec7df8cba43b7ef41ad85,eth,,0x23b872dd,,36466.64,4,0.00%,
0xbb0a794521aea46befbd6aacd330c01ab0e3b148,eth,,0x1feed31f,,41736.1625,4,0.00%,
0x464727340b5d295f5eb691bc6e1f8e207e68109f,arb,,0xa694fc3a,,2935958,4,0.00%,
0xa2a5c549a454a1631ff226e0cf8dc4af03a61a75,base,,0x2e7ba6ef,,14091.24333,3,0.00%,
0xe453c3409f8ad2b1fe1ed08e189634d359705a5b,eth,,0x095ea7b3,,51995.215,3,0.00%,
0x6f4c95e6853d986e99417df2f900d130ee426756,eth,,0xd96a094a,,135407.7333,3,0.00%,
0x0b9857ae2d4a3dbe74ffe1d7df045bb7f96e4840,eth,,0x08635a95,,5792120.35,3,0.00%,
0xbe6889e5e2d5932b60d3cb259c84be9be878cc93,eth,,0xa22cb465,,2686.4,3,0.00%,
0xadd353fb2e2c563383ff3272a500f3e7134dafe4,eth,,0xa9059cbb,,18713.49,3,0.00%,
0x808d7c71ad2ba3fa531b068a2417c63106bc0949,linea,,0x2e15238c,,85666.23,3,0.00%,
0xb1ced2e320e3f4c8e3511b1dc59203303493f382,bsc,,0x095ea7b3,,39823.03,3,0.00%,
0xbee5c10cf6e4f68f831e11c1d9e59b43560b3642,arb,,0xf91b3f72,,262197.2467,3,0.00%,
0xf39acf265ed73d8eb9359ce068a20036caf3cec8,base,,0x00f714ce,,131892.28,3,0.00%,
0x00000000009726632680fb29d3f7a9734e3010e2,arb,,0x3c2b9a7d,,12333.7,3,0.00%,
0x6b175474e89094c44da98b954eedeac495271d0f,eth,,0x8fcbaf0c,,36466.64,3,0.00%,
0x123b30e25973fecd8354dd5f41cc45a3065ef88c,eth,,0x42842e0e,,36466.64,3,0.00%,
0x1eb7bcab5edf75b5e02c9a72d3287e322ebaefdb,zksync,,0x4e71d92d,,126426.7333,3,0.00%,
0x167478921b907422f8e88b43c4af2b8bea278d3a,eth,,0x095ea7b3,,3417726.72,3,0.00%,
0x2ad2934d5bfb7912304754479dd1f096d5c807da,matic,,0x095ea7b3,,64777.38667,3,0.00%,
0x6d80113e533a2c0fe82eabd35f1875dcea89ea97,matic,,0xd505accf,,36466.64,3,0.00%,
0xff7db8e1c121225290b0aca0168527e7973d2ffb,arb,,0x5548c837,,23408.42,3,0.00%,
0x8290333cef9e6d528dd5618fb97a76f268f3edd4,eth,,0x095ea7b3,,1508788.37,3,0.00%,
0x7a612e95755b2722f2600c44dead8346052d334b,eth,,0xa22cb465,,226551.4333,3,0.00%,
0x353b31d68254b380fd2966b2e84131dbe1d486d5,arb,,0xa0712d68,,10770.05,3,0.00%,
0x1111111254eeb25477b68fb85ed929f73a960582,bsc,,0x2d9a56f6,,1573020.64,3,0.00%,
0xe92b586627cca7a83dc919cc7127196d70f55a06,eth,,0x7489ec23,,139677.26,3,0.00%,
0xcfb038913d2f93409019e4258244564ad4357be9,base,,0x095ea7b3,,47943.91667,3,0.00%,
0x9d65ff81a3c488d585bbfb0bfe3c7707c7917f54,eth,,0x095ea7b3,,391389.5133,3,0.00%,
0x7cf68aa037c67b6dae9814745345ffa9fc7075b1,zksync,,0xa694fc3a,,28706.42333,3,0.00%,
0xa0192f6567f8f5dc38c53323235fd08b318d2dca,arb,,0x095ea7b3,,4174985.31,3,0.00%,
0x69460570c93f9de5e2edbc3052bf10125f0ca22d,arb,,0xc0fd2fc1,,24780.71,3,0.00%,
0x198ef79f1f515f02dfe9e3115ed9fc07183f02fc,base,,0x3593564c,,1613.67738,3,0.00%,
0x3c020f2124b84bd079985c77f93d4a750512448c,eth,,0xa22cb465,,3671.373333,3,0.00%,
0x728cda34d732a87fd6429129e23d4742d9ff0064,base,,0x095ea7b3,,688567.19,3,0.00%,
0xeeee2a2e650697d2a8e8bc990c2f3d04203be06f,eth,,0xa9059cbb,,53506.25,3,0.00%,
0x60b8c145235a31f1949a831803768bf37d7ab7aa,arb,,0xda444b76,,77033.165,3,0.00%,
0x878586da1ed007a4d19de3e7a59eca98814e2808,eth,,0xa22cb465,,69880.18,3,0.00%,
0x164731cd270daa4a94bc70761e53320e48367b8b,arb,,0x095ea7b3,,19472.66,3,0.00%,
0x22c1f6050e56d2876009903609a2cc3fef83b415,eth,,0xa22cb465,,477265.575,3,0.00%,
0x2359d3f04fc33d1b8223fe5798d7bfdae7a93d9d,arb,,0x9dbb844d,,10122828.78,3,0.00%,
0x5ba1e12693dc8f9c48aad8770482f4739beed696,eth,,0x252dba42,,30362172.7,3,0.00%,
0x8419f704cd6520e2c3ef477ef9bfa3159ea1aca7,base,,0x47153f82,,47611.1489,3,0.00%,
0xd56734d7f9979dd94fae3d67c7e928234e71cd4c,arb,,0xa9059cbb,,197208.94,3,0.00%,
0x940a2db1b7008b6c776d4faaca729d6d4a4aa551,eth,,0x095ea7b3,,102960.71,3,0.00%,
0xc6b6c26254339f39b298137a0beb5b7b5a31e0b9,zksync,,0xac9650d8,,15183222.7,3,0.00%,
0xbdaf6ea06211b37d45f6e7ab1cc87f41d787d3cf,matic,,0x3183d9ef,,1126.4,3,0.00%,
0xf041690d9cbe398d3d51f25c87902c1403affe66,eth,,0x1e83409a,,58976.28333,3,0.00%,
0x52e17fcc30b7fdf9e240d31f308569536dd55fc6,eth,,0x3f31ae3f,,19005.94333,3,0.00%,
0x5af513fdcac34a3076b42ae36274eec325f01edf,matic,,0xa22cb465,,34540.255,3,0.00%,
0x2d7b9847d5a8baa516c889f366452160dc4a7b04,base,,0x095ea7b3,,350347.395,3,0.00%,
0xdbdb4d16eda451d0503b854cf79d55697f90c8df,eth,,0x095ea7b3,,235967.265,3,0.00%,
0x7c6b10a7cd8d7c4159e8505c74a35ef900452ddf,base,,0xb1d3f1c1,,15118.51,3,0.00%,
0x41d321e0365a42058a465dc5bf98242a92c2e9f3,eth,,0x095ea7b3,,36952.105,3,0.00%,
0x2e567c2231d44f0cb6513751f1f1afd9a34cc6e3,eth,,0x23b872dd,,2302.46,3,0.00%,
0xf07468ead8cf26c752c676e43c814fee9c8cf402,eth,,0xa22cb465,,6646.24,3,0.00%,
0xe157d5a0c9a533ebbdeadb43633ce76d61816778,base,,0x2e1a7d4d,,138144.41,3,0.00%,
0xb9098d3669a78e9afe8b94a97290407400d9da31,eth,,0x095ea7b3,,56426.8,3,0.00%,
0x43e3e7c98480d33ce2bd13d1512e5f898819f189,base,,0x9dbb844d,,10762.76,3,0.00%,
0x1bf979282181f2b7a640d17ab5d2e25125f2de5e,eth,,0x99bcbf21,,136066.4158,3,0.00%,
0xcbbe37cbab5151f6e8e3bb5900f15e497c20654c,eth,,0xab98089f,,109508.49,3,0.00%,
0xabea9132b05a70803a4e85094fd0e1800777fbef,eth,,0x2d2da806,,1798.36,3,0.00%,
0x21be370d5312f44cb42ce377bc9b8a0cef1a4c83,ftm,,0xd0e30db0,,419286.12,3,0.00%,
0x20771a922b1719f1b1fb86e7ea9bf8f8fc823e9d,eth,,0xa22cb465,,363881.46,3,0.00%,
0x9dd45ac46b7d4bb9e45e237fb93056bccb5e2be7,arb,,0xc23e789d,,47883.52,3,0.00%,
0xa6a01f4b494243d84cf8030d982d7eeb2aecd329,avax,,0xe55e6d65,,71971.68,3,0.00%,
0x11746fd90091228a97974435d6be5e10bda92f7c,bsc,,0x598b8e71,,290637.03,3,0.00%,
0xcafd2f0a35a4459fa40c0517e17e6fa2939441ca,avax,,0x1019d654,,1673420.609,3,0.00%,
0x1344a36a1b56144c3bc62e7757377d288fde0369,arb,,0x0276b64b,,545522.25,3,0.00%,
0x56da7996529fae927de948cd9b88846191b01fde,ftm,,0x31279d3d,,834321.5,3,0.00%,
0x14ad01d5f496e9c40358629f6a95a7c3b5c4b767,arb,,0xf2e16b3c,,224133.97,3,0.00%,
0x654590f810f01b51dc7b86915d4632977e49ea33,eth,,0x095ea7b3,,202474.895,3,0.00%,
0x27b90b4be590048ebb5e1d9e3376d2b419d46368,arb,,0x806f9f3c,,19473.69,3,0.00%,
0x5954ab967bc958940b7eb73ee84797dc8a2afbb9,eth,,0x8279e760,,165628.21,3,0.00%,
0xe3b713300e73a8127135adfbb859947f3d3c4fb6,arb,,0x87b47f11,,21530.34,3,0.00%,
0x04e9db37d8ea0760072e1ace3f2a219988fdac29,zksync,,0xdb006a75,,25873.62,3,0.00%,
0x47ef4a5641992a72cfd57b9406c9d9cefee8e0c4,zksync,,0x095ea7b3,,64947.23667,3,0.00%,
0x096c75b91a2d0bea2e5f969baa98e221a8f28373,arb,,0x86d1a69f,,238017.5567,3,0.00%,
0x0f929c29dce303f96b1d4104505f2e60ee795cac,base,,0x095ea7b3,,76676.61,3,0.00%,
0xdef171fe48cf0115b1d80b88dc8eab59176fee57,op,,0x2298207a,,160566.543,3,0.00%,
0xce246eea10988c495b4a90a905ee9237a0f91543,eth,,0x095ea7b3,,30362172.7,3,0.00%,
0x50b2b7092bcc15fbb8ac74fe9796cf24602897ad,zksync,,0x1249c58b,,34167.04,3,0.00%,
0x7a191973eaf8cdcc4de683d10c1e11c5a5bc717d,arb,,0xbb492bf5,,197208.94,3,0.00%,
0x49af605bc56649c4a67716cf7c7b8790b17b8160,base,,0xa22cb465,,23647.91667,3,0.00%,
0x53eccccaaa368a9431b3659a8e37ce4b411ad258,arb,,0xe584b654,,50024.03,3,0.00%,
0x0055485fca054d165fc0c7d836459722436544c1,eth,,0xa22cb465,,31508.20539,3,0.00%,
0xc71b5f631354be6853efe9c3ab6b9590f8302e81,bsc,,0x095ea7b3,,87381.82727,3,0.00%,
0x1231deb6f5749ef6ce6943a275a1d3e7486f4eae,avax,,0x8fab0663,,1334306.337,3,0.00%,
0x0f91052dc5b4bae53d0fea5dae561a117268f5d2,op,,0xa11b1198,,22696.58333,3,0.00%,
0xf25485901827686bc9012905ccea9843c696eddc,base,,0xd29b4abc,,157311.51,3,0.00%,
0x96c200ec4cca0bc57444cfee888cfba78a1ddbd8,op,,0x434dcfba,,10122441.9,3,0.00%,
0xafe39cd8e17fa4172144ff95274bb665da411f80,arb,,0x3f0e84ad,,308788.975,3,0.00%,
0x159854e14a862df9e39e1d128b8e5f70b4a3ce9b,arb,,0xef8c5994,,24980.24333,3,0.00%,
0xc81b0d02393a956234e24564805a896f14ad1250,eth,,0xa9059cbb,,3404573,3,0.00%,
0x00ee200df31b869a321b10400da10b561f3ee60d,avax,,0x095ea7b3,,332257.27,3,0.00%,
0x1cb1a5e65610aeff2551a50f76a87a7d3fb649c6,eth,,0xa22cb465,,91266.875,3,0.00%,
0x693c216aa181ebf776730d16c7ba06842548415e,eth,,0xa9059cbb,,3404573,3,0.00%,
0x74b23882a30290451a17c44f4f05243b6b58c76d,ftm,,0x095ea7b3,,617882.415,3,0.00%,
0xb50721bcf8d664c30412cfbc6cf7a15145234ad1,eth,,0xa9059cbb,,759375.8433,3,0.00%,
0x1142c5f13ea391582d58922d0c65e159b437963f,eth,,0xa22cb465,,81544.99,3,0.00%,
0x588fee15580e5cf2f1419a35be484681edf811ad,base,,0x23b258bd,,17843.93667,3,0.00%,
0xd9c79b111d2737013f1af210f6687a9fa7852b49,arb,,0x2e1a7d4d,,108518.46,3,0.00%,
0xd20c245e1224fc2e8652a283a8f5cae1d83b353a,bsc,,0x1bad0a1c,,19339.5,3,0.00%,
0xe631dabef60c37a37d70d3b4f812871df663226f,matic,,0xa9059cbb,,68976.07,3,0.00%,
0x5cc5b05a8a13e3fbdb0bb9fccd98d38e50f90c38,eth,,0x23b872dd,,2302.46,3,0.00%,
0x531bc6e97b65adf8b3683240bd594932cfb63797,arb,,0xa88f8139,,56338.9,3,0.00%,
0x86355f02119bdbc28ed6a4d5e0ca327ca7730fff,eth,,0xdda16a10,,2487501.57,3,0.00%,
0x32619e841c497d1365c37612a3e64680a70e1894,eth,,0x095ea7b3,,139677.26,3,0.00%,
0xb4315e873dbcf96ffd0acd8ea43f689d8c20fb30,avax,,0x92fe8e70,,6271.28,3,0.00%,
0x9094c15f2f535a765e8a2dac20b05148be7044cd,eth,,0x095ea7b3,,41631.64,3,0.00%,
0x40ada8ce51ad45a0211a7f495a526e26e4b3b5ea,arb,,0x4e71d92d,,84386.48,3,0.00%,
0xf36a4ba50c603204c3fc6d2da8b78a7b69cbc67d,eth,,0x095ea7b3,,3924598.357,3,0.00%,
0xdc301622e621166bd8e82f2ca0a26c13ad0be355,ftm,,0xa9059cbb,,1544.33,3,0.00%,
0xa408090a36cef0b23c3f518484a4e06c7c7df27c,eth,,0x095ea7b3,,106411.4367,3,0.00%,
0x4dae2f939acf50408e13d58534ff8c2776d45265,avax,,0x3593564c,,33175.57714,3,0.00%,
0x7e1bdb9ee75b6ef1bcaae3b1de1c616c7b11ef6e,eth,,0x87087623,,100017.8967,3,0.00%,
0x7295304b10740ba8e037826787d3e9386fd99925,matic,,0x095ea7b3,,107890.66,3,0.00%,
0x619e398858a3110df4d89056a15a40338a01e65f,eth,,0x095ea7b3,,13993.37,3,0.00%,
0x7d49e5adc0eaad9c027857767638613253ef125f,arb,,0x095ea7b3,,5833996.53,3,0.00%,
0xa6a147946facac9e0b99824870b36088764f969f,arb,,0xd99fa809,,3875998.623,3,0.00%,
0xb2fd1e0478dbf61772996bcce8a2f1151eeeda37,eth,,0xa9059cbb,,3404573,3,0.00%,
0xdef1c0ded9bec7f1a1670819833240f027b25eff,eth,,0xf7fcd384,,10129193.1,3,0.00%,
0x371c7ec6d8039ff7933a2aa28eb827ffe1f52f07,arb,,0x095ea7b3,,54851.11,3,0.00%,
0x5a58505a96d1dbf8df91cb21b54419fc36e93fde,matic,,0x0f5287b0,,2597.8,3,0.00%,
0xdb4a44cd28b074855a1cbd63af42868737055295,arb,,0x095ea7b3,,2935958,3,0.00%,
0xdef171fe48cf0115b1d80b88dc8eab59176fee57,avax,,0x46c67b6d,,1358167.136,3,0.00%,
0xecdb004045981602c19efa99759346ab06957aea,eth,,0x095ea7b3,,82503.82,3,0.00%,
0xa7d8d9ef8d8ce8992df33d8b8cf4aebabd5bd270,eth,,0x095ea7b3,,96641.17,3,0.00%,
0x2fe7ae43591e534c256a1594d326e5779e302ff4,arb,,0x1a4d01d2,,11583606.6,3,0.00%,
0x1231deb6f5749ef6ce6943a275a1d3e7486f4eae,op,,0xbab657d8,,1295374.71,3,0.00%,
0x621e87af48115122cd96209f820fe0445c2ea90e,base,,0x095ea7b3,,16155.145,3,0.00%,
0x728f30fa2f100742c7949d1961804fa8e0b1387d,eth,,0x095ea7b3,,277121.5467,3,0.00%,
0xe59b419fac4b9b769c4439e7c4fde22418f11c89,eth,,0xa22cb465,,14114.128,3,0.00%,
0x738865301a9b7dd80dc3666dd48cf034ec42bdda,eth,,0x23b872dd,,36466.64,3,0.00%,
0x49e12f05863fc6123cd63a63b16fc252f1eced67,op,,0x434dcfba,,10124225.48,3,0.00%,
0x7dfb5e7808b5eb4fb8b9e7169537575f6ff1a218,bsc,,0x51905636,,8304.635,3,0.00%,
0x6740ce1bdbbfad351ec6232faa8c110ebeae36bf,eth,,0x3d6375b2,,131370.4767,3,0.00%,
0x4ab740157721105ae503fbad756a578171512525,eth,,0x26d3bc4e,,163765.965,3,0.00%,
0x581a7921c006a3a2e93bcca72abd87e50d049cd7,arb,,0xb6b55f25,,30227.84667,3,0.00%,
0xca7ca7bcc765f77339be2d648ba53ce9c8a262bd,eth,,0xa22cb465,,6531.213333,3,0.00%,
0x81e3a6f46715855b439f93e4023ed86bed619cf8,arb,,0x38a3374f,,84386.48,3,0.00%,
0x3ee6107d9c93955acbb3f39871d32b02f82b78ab,op,,0xb6b55f25,,5890407.76,3,0.00%,
0xa0690b7bf65967508bfcaa9a999db44723553ba2,base,,0x095ea7b3,,245.355,3,0.00%,
0x1715a3e4a142d8b698131108995174f37aeba10d,eth,,0xad58bdd1,,683843.86,3,0.00%,
0x9761d46ef36e07131e8c56af06e35cac23b9a91e,op,,0x1f1cc5bc,,779918.445,3,0.00%,
0x0869055c098fe927e1816caafb16e9133e5258fe,eth,,0x095ea7b3,,5315987.66,3,0.00%,
0xce16f69375520ab01377ce7b88f5ba8c48f8d666,op,,0x21477960,,1217627.567,3,0.00%,
0x213a14c4749fd1650e1626ca4eff06b4c0e2b25c,arb,,0x095ea7b3,,9670.31,3,0.00%,
0x696aa321e07e59afdcd06d9f0d00c79e0a898239,arb,,0x2f52ebb7,,323269.77,3,0.00%,
0x76c48576822cd955c320f5d5a163e738dbfecc01,base,,0xb6b55f25,,398711.4933,3,0.00%,
0x48c11b86807627af70a34662d4865cf854251663,eth,,0x74dc9d1a,,18179.88333,3,0.00%,
0x5fbe219e88f6c6f214ce6f5b1fcaa0294f31ae1b,arb,,0x5c11d795,,3239.77,3,0.00%,
0x9e20461bc2c4c980f62f1b279d71734207a6a356,arb,,0x095ea7b3,,171320.448,3,0.00%,
0xf97c707024ef0dd3e77a0824555a46b622bfb500,arb,,0xf1dc3cc9,,81840.43333,3,0.00%,
0x323665443cef804a3b5206103304bd4872ea4253,op,,0x095ea7b3,,947557.4394,3,0.00%,
0xcc3cac6d9f77681cbff754377ad4599f5d8afd30,eth,,0xa22cb465,,212346.295,3,0.00%,
0xc49d27c4a520a71ff899de7aca9fb56794bb0f1e,eth,,0xc32c4b1f,,1362627.95,3,0.00%,
0xa88e24e986c570d10e39bf485fba6b2aa86dad4b,eth,,0x095ea7b3,,108604.11,3,0.00%,
0xb5a628803ee72d82098d4bcaf29a42e63531b441,arb,,0x095ea7b3,,99751.995,3,0.00%,
0x40a2accbd92bca938b02010e17a5b8929b49130d,arb,,0x8d80ff0a,,3557.3,3,0.00%,
0xd65f95a40b6de26f6c390fcb8e3377d382fe678b,eth,,0x8467be0d,,33928.51,3,0.00%,
0x0000000000e655fae4d56241588680f86e3b2377,eth,,0x79ed31d4,,51739.1069,3,0.00%,
0x7d9bf20992d42b112bd4c5a3aaa82919279e115e,eth,,0x23b872dd,,2302.46,3,0.00%,
0x6e335584d53545b85533552bbc64627020d4fa95,eth,,0x095ea7b3,,218809.62,3,0.00%,
0x8f0fb159380176d324542b3a7933f0c2fd0c2bbf,bsc,,0x095ea7b3,,233089.7033,3,0.00%,
0xb52fdd8f3821cc60ba4583a822f03317de544bc2,arb,,0xe7acab24,,11583606.6,3,0.00%,
0x22d4002028f537599be9f666d1c4fa138522f9c8,avax,,0x095ea7b3,,190271.35,3,0.00%,
0x8c8702c3a38c58520b772fb6f87363c647226e38,eth,,0xab98089f,,44299.86,3,0.00%,
0x9addd04ce3d8ca3eaf2b47529f8d64881fa79551,base,,0x1249c58b,,8679.936667,3,0.00%,
0x46b2deae6eff3011008ea27ea36b7c27255ddfa9,eth,,0x1d45e29c,,3987589.527,3,0.00%,
0x18aaa7115705e8be94bffebde57af9bfc265b998,eth,,0xa9059cbb,,3404573,3,0.00%,
0xc95f60ca623400ddfc4620a3264263c08dea8448,arb,,0x441a3e70,,50420.64,3,0.00%,
0xdec41db0c33f3f6f3cb615449c311ba22d418a8d,eth,,0x095ea7b3,,363881.46,3,0.00%,
0x0d97f261b1e88845184f678e2d1e7a98d9fd38de,base,,0xa9059cbb,,21482.6791,3,0.00%,
0x1afef6b252cc35ec061efe6a9676c90915a73f18,eth,,0xa22cb465,,12744.17333,3,0.00%,
0xa2c203d7ef78ed80810da8404090f926d67cd892,op,,0x51905636,,25956.56,3,0.00%,
0xb6cfcf89a7b22988bfc96632ac2a9d6dab60d641,arb,,0x095ea7b3,,28680.025,3,0.00%,
0x91f85d68b413de823684c891db515b0390a02512,base,,0xd1c2babb,,545522.25,3,0.00%,
0xf25f52d7ba50d27a8eb19ef4c2eee409ae6c7b8f,arb,,0xaad3ec96,,27779.06,3,0.00%,
0xa57ac35ce91ee92caefaa8dc04140c8e232c2e50,bsc,,0x23b872dd,,36466.64,3,0.00%,
0x84edb15bcbf6818879c6fdf26a69700d43100a74,arb,,0x2e1a7d4d,,84386.48,3,0.00%,
0x73186f2cf2493f20836b17b21ae79fc12934e207,arb,,0x18fccc76,,359712.425,3,0.00%,
0x74eee699c1bbe2411481e7c52116e8ffe7655830,eth,,0xfc63958e,,211632.9633,3,0.00%,
0x1231deb6f5749ef6ce6943a275a1d3e7486f4eae,matic,,0x9feb6731,,33031.0075,3,0.00%,
0x0e028157f587558b09437a5026892f7ddea374d8,base,,0xa25632fd,,107890.66,3,0.00%,
0xdb46d1dc155634fbc732f92e853b10b288ad5a1d,matic,,0xefe4fd83,,1865.24,3,0.00%,
0x52f24a5e03aee338da5fd9df68d2b6fae1178827,bsc,,0x095ea7b3,,193429.755,3,0.00%,
0xff9c1b15b16263c61d017ee9f65c50e4ae0113d7,eth,,0xa22cb465,,12992.515,3,0.00%,
0x3a23f943181408eac424116af7b7790c94cb97a5,op,,0x00000003,,68671.25,3,0.00%,
0xcb8401fb227e9d8e8a4315792f17391bec9728ad,base,,0xefef39a1,,44656.73,3,0.00%,
0x5ea0b45d94eba075b95c1296a8e5b8397ee6b8f9,base,,0x9dbb844d,,14721.70667,3,0.00%,
0x777777c338d93e2c7adf08d102d45ca7cc4ed021,base,,0x0582823a,,874.51,3,0.00%,
0x2a3dd3eb832af982ec71669e178424b10dca2ede,eth,,0xcd586579,,64440.10667,3,0.00%,
0x170a5714112daeff20e798b6e92e25b86ea603c1,op,,0xc062ef87,,112732.68,3,0.00%,
0xd4848211b699503c772aa1bc7d33b433c4242ac3,arb,,0x095ea7b3,,506862.28,3,0.00%,
0x43d2761ed16c89a2c4342e2b16a3c61ccf88f05b,op,,0x65fc3873,,281037.4067,3,0.00%,
0xe21ebcd28d37a67757b9bc7b290f4c4928a430b1,eth,,0xa22cb465,,218554.6381,3,0.00%,
0x211fdf305c38181b5f839e0a9d26aaa154f89e55,eth,,0x095ea7b3,,182876.21,3,0.00%,
0x49048044d57e1c92a77f79988d21fa8faf74e97e,eth,,0x4870496f,,9926.02,3,0.00%,
0xc17c30e98541188614df99239cabd40280810ca3,bsc,,0x095ea7b3,,25713.27,3,0.00%,
0x48b07695c41aac54cc35f56af25573dd19235c6f,arb,,0xbe73fb99,,95904.06,3,0.00%,
0xeed272910b00e56b0789ea0f0add0a6a6ba59afd,eth,,0xa22cb465,,0,3,0.00%,
0x8d653bdaa499247f3df3f48d2a3cbd66d6ffb9cc,arb,,0x095ea7b3,,3239.77,3,0.00%,
0xe3dbc4f88eaa632ddf9708732e2832eeaa6688ab,eth,,0xa9059cbb,,47901.55,3,0.00%,
0x5137cfb461d24040f5ce6b85d860c47a24f85412,eth,,0xa22cb465,,6975.01,3,0.00%,
0x299111b4cb3a74328054c32ad447c5f4741ac04e,arb,,0x2e1a7d4d,,98144.05,3,0.00%,
0xf065ed4ae654e6c4076bc7a23f084a5a7207954c,op,,0xa0712d68,,30362172.7,3,0.00%,
0xcc3cac6d9f77681cbff754377ad4599f5d8afd30,eth,,0x42842e0e,,15020.9991,3,0.00%,
0x200c234721b5e549c3693ccc93cf191f90dc2af9,matic,,0x095ea7b3,,199244.21,3,0.00%,
0x54feb100d536130a64c60f485aaef64f1894be83,arb,,0x095ea7b3,,13651.63,3,0.00%,
0x011f2a82846a4e9c62c2fc4fd6fdbad19147d94a,bsc,,0x39184476,,11583606.6,3,0.00%,
0x275535f82f287073ceebc653862e4e43868aa65c,base,,0xb6b55f25,,197208.94,3,0.00%,
0x5f938befdc5b363261c952d4cf8e467912104f8d,matic,,0x227e8093,,305.05,3,0.00%,
0xc4eb9fff53581130e65e3b60b31295c52509c11f,arb,,0xf9088f3f,,26790.165,3,0.00%,
0x79b6c5e1a7c0ad507e1db81ec7cf269062bab4eb,arb,,0xdb006a75,,1233.4,3,0.00%,
0x1111111254eeb25477b68fb85ed929f73a960582,eth,,0x62e238bb,,4352545.38,3,0.00%,
0xcf6e80defd9be067f5adda2924b55c2186d3e930,base,,0x9dbb844d,,8443.625,3,0.00%,
0xd3e1bde4b4163c86b9b7668de8ae7618720dca93,arb,,0x6e553f65,,120908.49,3,0.00%,
0x02096e51673ca0af815234c94e7ba23f9e00c365,arb,,0x65b05562,,376701.29,3,0.00%,
0x7b0614215649e6219d3c84afd2d92a2f9ec995a0,arb,,0x1d02f109,,14418.005,3,0.00%,
0x82f48e4c118a1db07cb0bc684d0c9a31668ff9de,base,,0x095ea7b3,,288908.88,3,0.00%,
0x0fd829c3365a225fb9226e75c97c3a114bd3199e,eth,,0x56b40eb7,,456495.2,3,0.00%,
0x95b9ed1c7f3454d79f0b7a6ecee51efb424d7719,arb,,0x97f47fd1,,82069.08,3,0.00%,
0x1e302e0d9fcaa6ed10ab042acc670aa961498152,op,,0x78c77a24,,11583606.6,3,0.00%,
0x34d85c9cdeb23fa97cb08333b511ac86e1c4e258,eth,,0x42842e0e,,14530.475,3,0.00%,
0x41c83ee98d3c74b5e4ab99853bc20e295d1dbcae,bsc,,0xc736e1ff,,96641.17,3,0.00%,
0x0ae09f649e9da1b6aea0c10527ac4e8a88a37480,eth,,0xf3fef3a3,,15321495.8,3,0.00%,
0x1863736c768f232189f95428b5ed9a51b0eccae5,arb,,0xf3fef3a3,,140917.75,3,0.00%,
0x2d5d9c3c4150dc58c7187cebf3a20491843ae45b,eth,,0x08c676e9,,251779.36,3,0.00%,
0x45d8c7bf5be7c99d39cdc724f60497bd79546458,base,,0x095ea7b3,,138144.41,3,0.00%,
0x70c575588b98c1f46b1382c706adaf398a874e3e,matic,,0xacebc37d,,243645.9,3,0.00%,
0x3a23f943181408eac424116af7b7790c94cb97a5,arb,,0x00000003,,68671.25,3,0.00%,
0xe3b3f75f99da4ff26aa867ef70b48f8f6b2d4958,avax,,0x095ea7b3,,46230.65333,3,0.00%,
0xc5167bb07916b6b420ecb1cedb13ada491deeaf3,eth,,0x1feed31f,,10154748.23,3,0.00%,
0x72f28b86749cba12bbac8783a67bbc48d80c92e9,eth,,0xa0712d68,,1613.67738,3,0.00%,
0x7e4490e97c8243d844719f26a0b47fd5a59fdc2e,eth,,0x8d80ff0a,,15250264.9,3,0.00%,
0xe0bec4f45aef64cec9dcb9010d4beffb13e91466,op,,0x3527d1c0,,467218.9733,3,0.00%,
0x097f51a7820b6574b05bab74c273309f93593877,base,,0x4e71d92d,,22195.64667,3,0.00%,
0x42738a031fec0f894e86eb24517d8334219bf947,base,,0x45368181,,8197.816667,3,0.00%,
0x1ab95a79ae56e7d46912bc20c728690de8ea3059,eth,,0x4e71d92d,,46123.475,3,0.00%,
0xb311724f6ba08e667db007aaf71d98a735049c54,arb,,0x9e2c8a5b,,246750.0767,3,0.00%,
0x8be473dcfa93132658821e67cbeb684ec8ea2e74,base,,0x80500d20,,25208.66333,3,0.00%,
0x440223836633ccda17086dba157b665e0c05beb8,matic,,0xfa6b3b53,,9950.056667,3,0.00%,
0x4c749d097832de2fecc989ce18fdc5f1bd76700c,arb,,0x9219e510,,83004.235,3,0.00%,
0x085780639cc2cacd35e474e71f4d000e2405d8f6,eth,,0x095ea7b3,,20972889.6,3,0.00%,
0xbe74a95d159e8e323b8c1a70f825efc85fed27c4,eth,,0x095ea7b3,,41068.33,3,0.00%,
0x77475a8126aef102899f67b7f2309efb21bb3c02,arb,,0x095ea7b3,,45814.745,3,0.00%,
0x3f73eaeba8f2b2699d6cc7581678ba631de5f183,eth,,0x095ea7b3,,36766.73,3,0.00%,
0xdfaab828f5f515e104baaba4d8d554da9096f0e4,zksync,,0xd294f093,,28389.365,3,0.00%,
0x203dac25763ae783ad532a035fff33d8df9437ee,arb,,0x97ffc7ae,,203646.455,3,0.00%,
0x27ae27110350b98d564b9a3eed31baebc82d878d,bsc,,0x095ea7b3,,66657.465,3,0.00%,
0x68313f1a6a60d05dd767811643406339e8e8d034,arb,,0xeff7a612,,545522.25,3,0.00%,
0x12063cc18a7096d170e5fc410d8623ad97ee24b3,base,,0x095ea7b3,,18016.995,3,0.00%,
0x671bcb933df2fa29a7029d8285687bae2e6ac527,eth,,0x47e7ef24,,44656.73,3,0.00%,
0xc2544a32872a91f4a553b404c6950e89de901fdb,eth,,0x095ea7b3,,197414.755,3,0.00%,
0x95d8bf2f57cf973251972b496dc6b1d9c6b5bce3,eth,,0x095ea7b3,,321998.8933,3,0.00%,
0xba32747ef144b5ea6a01a18f7756034e23c998ae,base,,0x51905636,,12700.86,3,0.00%,
0x6b4712ae9797c199edd44f897ca09bc57628a1cf,base,,0x095ea7b3,,698106.845,3,0.00%,
0x5946aeaab44e65eb370ffaa6a7ef2218cff9b47d,eth,,0x0fbf0a93,,83255.86,3,0.00%,
0xaacfdf323b44d8b27319249ca3ee1b3aa05083b2,eth,,0xac5288ad,,182069.89,3,0.00%,
0x9ed7e4b1bff939ad473da5e7a218c771d1569456,arb,,0x095ea7b3,,9929.803333,3,0.00%,
0x87d73e916d7057945c9bcd8cdd94e42a6f47f776,eth,,0x095ea7b3,,220073.965,3,0.00%,
0x3bd7d4f524d09f4e331577247a048d56e4b67a7f,eth,,0x095ea7b3,,56621.14333,3,0.00%,
0x25d28a24ceb6f81015bb0b2007d795acac411b4d,matic,,0x9ebea88c,,328696.7467,3,0.00%,
0xe728af1d484e36ae03d0d58e4e1565d28bf414f6,ftm,,0x9c421449,,3226312.76,3,0.00%,
0x9ff58067bd8d239000010c154c6983a325df138e,eth,,0xa9059cbb,,665129.31,3,0.00%,
0xedb553afb91fb8def47219296fb79aae134258c8,base,,0xa9059cbb,,1362627.95,3,0.00%,
0x7d5203e74a2afe3f474e21fef3e6ce04757652b9,arb,,0x095ea7b3,,15699.33,3,0.00%,
0x4a16a42407aa491564643e1dfc1fd50af29794ef,op,,0xd294f093,,15181719.7,3,0.00%,
0x8dbd1331b1de57835b24657ed21d0691e2e7362a,eth,,0x095ea7b3,,330427.12,3,0.00%,
0xff283027b35274f4980445d9a70f8125532851ac,matic,,0x81c197ed,,1692.96,3,0.00%,
0x0c27f037074178267d89f68ca32bc4ffd1901927,bsc,,0x095ea7b3,,0,3,0.00%,
0x6c31035d62541ceba2ac587ea09891d1645d6d07,zksync,,0x67ffb66a,,29153.59,3,0.00%,
0x61294940ce7cd1bda10e349adc5b538b722ceb88,op,,0xeddaee92,,1362627.95,3,0.00%,
0x652d27c0f72771ce5c76fd400edd61b406ac6d97,arb,,0x31cd52b0,,32714.0298,3,0.00%,
0x54bc229d1cb15f8b6415efeab4290a40bc8b7d84,base,,0x095ea7b3,,15208.81,3,0.00%,
0x7c2f99c405fa3102519f2637f186c5a06c074a0f,arb,,0x1a0aa6db,,18342,3,0.00%,
0x7e5f6ab97eef4f28900dc0f713eb99d3c077bbda,avax,,0x6f758140,,104921.8533,3,0.00%,
0x0cb0354e9c51960a7875724343dfc37b93d32609,base,,0x6b634a62,,51243.015,3,0.00%,
0x7b2e3fc7510d1a51b3bef735f985446589219354,arb,,0x819bc4b9,,21960.3925,3,0.00%,
0x5dc1bf6f1e983c0b21efb003c105133736fa0743,eth,,0xb72df5de,,38040.93,3,0.00%,
0x8616e8ea83f048ab9a5ec513c9412dd2993bce3f,arb,,0x095ea7b3,,1885139.75,3,0.00%,
0x42efe3e686808cca051a49bcde34c5cba2ebefc1,arb,,0x6202248b,,446965.42,3,0.00%,
0x4507cef57c46789ef8d1a19ea45f4216bae2b528,eth,,0x095ea7b3,,91623.6875,3,0.00%,
0x0689640d190b10765f09310fcfe9c670ede4e25b,matic,,0x40e76eff,,19588.64,3,0.00%,
0x7f670f78b17dec44d5ef68a48740b6f8849cc2e6,base,,0x095ea7b3,,61191.165,3,0.00%,
0xab3b1c8ef95b46ba72c49ad4e6bff34ba4b06ac1,eth,,0x1a74856b,,10232678.9,3,0.00%,
0x371c7ec6d8039ff7933a2aa28eb827ffe1f52f07,bsc,,0x2cdf0b95,,50315.44833,3,0.00%,
0xe9c21de62c5c5d0ceacce2762bf655afdceb7ab3,matic,,0x095ea7b3,,159007.09,3,0.00%,
0x4cfa50b7ce747e2d61724fcac57f24b748ff2b2a,arb,,0xa9059cbb,,0,3,0.00%,
0xc22834581ebc8527d974f8a1c97e1bea4ef910bc,base-sepolia,,0x1688f0b9,,23421.36,3,0.00%,
0xe030543b943bdcd6559711ec8d344389c66e1d56,avax,,0x1249c58b,,2132.82,3,0.00%,
0x5b1d0467bed2e8bd67c16ce8bcb22a195ae76870,bsc,,0xb1c76d29,,29015.365,3,0.00%,
0x25ab3efd52e6470681ce037cd546dc60726948d3,arb,,0xdecf2a48,,58381.04667,3,0.00%,
0x7ef98cd28902ce57b7aeec66dfb06b454cda1941,eth,,0xc04a8a10,,8152.395,3,0.00%,
0x308861a430be4cce5502d0a12724771fc6daf216,eth,,0xf340fa01,,3862314.76,3,0.00%,
0x0cab6977a9c70e04458b740476b498b214019641,linea,,0x6623a502,,29392.665,3,0.00%,
0x878fcc2bdcccff8c56812607b9a58f29b274c4f0,eth,,0x095ea7b3,,1370.365,3,0.00%,
0xedb553afb91fb8def47219296fb79aae134258c8,base,,0x095ea7b3,,688567.19,3,0.00%,
0xb3712316d60f33353fff836c13df5e5b2c659209,base,,0xb6b55f25,,20739.02,3,0.00%,
0x63578ca1be3ab8e75d88854485e8c23b41d87b16,eth,,0xa22cb465,,51203.28913,3,0.00%,
0xba5e05cb26b78eda3a2f8e3b3814726305dcac83,base,,0x1b2ef1ca,,459606.64,3,0.00%,
0xa9c41a46a6b3531d28d5c32f6633dd2ff05dfb90,bsc,,0x095ea7b3,,332257.27,3,0.00%,
0xa062ae8a9c5e11aaa026fc2670b0d65ccc8b2858,op,,0x12bc3aca,,1532011.39,3,0.00%,
0x000000000022d473030f116ddee9f6b43ac78ba3,base,,0x87517c45,,121101.742,3,0.00%,
0xc61edb127f58f42f47a8be8aebe83cf602a53878,eth,,0x095ea7b3,,695182.05,3,0.00%,
0x82a0e6c02b91ec9f6ff943c0a933c03dbaa19689,matic,,0x095ea7b3,,191530.715,3,0.00%,
0x327dd3208f0bcf590a66110acb6e5e6941a4efa0,bsc,,0xbc651188,,193429.755,3,0.00%,
0x830bd73e4184cef73443c15111a1df14e495c706,eth,,0x659dd2b4,,0,3,0.00%,
0x264aa8faafa663d80f83c7c250e064999c513ad1,eth,,0x095ea7b3,,76054.03579,3,0.00%,
0xa37809e5bc4c51052066c59526aee361e86bb58a,bsc,,0x9fe09a11,,2168.18,3,0.00%,
0x0cab6977a9c70e04458b740476b498b214019641,linea,,0xa4d73041,,1784.75,3,0.00%,
0xd9d74a29307cc6fc8bf424ee4217f1a587fbc8dc,op,,0x29723511,,39005.84789,3,0.00%,
0x9bf53d8c65f03d895dacaa776cc960e462ecb599,eth,,0xa22cb465,,13310.71,3,0.00%,
0xfd225c9e6601c9d38d8f98d8731bf59efcf8c0e3,matic,,0x77baf209,,73142.94667,3,0.00%,
0x52629961f71c1c2564c5aa22372cb1b9fa9eba3e,op,,0xa2e44593,,8832.686667,3,0.00%,
0xc32a4e2b86afe970d865d6581ccedaadedb6f72f,base,,0x095ea7b3,,73867.68,3,0.00%,
0x00000000000cc7ba78e64e86b2bd59b1ae7f569e,base,,0x346758b9,,13261.12,3,0.00%,
0x1ab3d612ea7df26117554dddd379764ebce1a5ad,eth,,0xb72df5de,,757096.0833,3,0.00%,
0xf9ca9523e5b5a42c3018c62b084db8543478c400,eth,,0x095ea7b3,,51603.93333,3,0.00%,
0xa184998ec58dc1da77a1f9f1e361541257a50cf4,matic,,0x1249c58b,,26656,3,0.00%,
0x15d94ec1c8e98812dac23bf6a341bd6c83e4cb11,eth,,0x64c9ec6f,,22283.40333,3,0.00%,
0x251b5f14a825c537ff788604ea1b58e49b70726f,eth,,0xa22cb465,,7128.52694,3,0.00%,
0x56b13a025ee67fe7645cd4c09033673e3cb207ba,base,,0x2e1a7d4d,,515765.22,3,0.00%,
0x9e5aac1ba1a2e6aed6b32689dfcf62a509ca96f3,op,,0x095ea7b3,,1468825.537,3,0.00%,
0x299a1503e88433c0fd1bd68625c25c5a703eb64f,eth,,0x095ea7b3,,12333.75333,3,0.00%,
0x9ae506cddd27dee1275fd1fe6627e5dc65257061,op,,0x9a4896fe,,26602.33,3,0.00%,
0x54f28c5cf6d20ab5ccb367520e17cd9af12edb54,arb,,0x9a706ca5,,84386.48,3,0.00%,
0xb3c8ce1ee157b0dcaa96897c9170aee6281706c9,eth,,0xb72df5de,,3908646.417,3,0.00%,
0xccadf28d9c74c8d412feecd86ea9b0a9ceff1b28,matic,,0x07e96a95,,51179.18,3,0.00%,
0x4070c044abc8d9d22447dfe4b032405970878d06,arb,,0x1a4d01d2,,11583606.6,3,0.00%,
0xeb15e159359e898e9558d450feb11aaa07d3643d,base,,0x31279d3d,,834321.5,3,0.00%,
0x27702a26126e0b3702af63ee09ac4d1a084ef628,eth,,0xa9059cbb,,102984.74,3,0.00%,
0x5f6ae08b8aeb7078cf2f96afb089d7c9f51da47d,eth,,0x3265aead,,42846.45667,3,0.00%,
0x454d4bae7c2adab588d837aff4db16db19d46a33,ftm,,0x095ea7b3,,4250.74,3,0.00%,
0xe21d366d5042f713c0c872591e610fb6a74c775b,arb,,0x38926b6d,,43417.365,3,0.00%,
0xbea8123277142de42571f1fac045225a1d347977,eth,,0x23b872dd,,2302.46,3,0.00%,
0x0c84331e39d6658cd6e6b9ba04736cc4c4734351,arb,,0xc04a8a10,,5890407.76,3,0.00%,
0xa1ed0bd9a4776830c5b7ba004f26427b71152ca5,bsc,,0x095ea7b3,,96641.17,3,0.00%,
0x3419875b4d3bca7f3fdda2db7a476a79fd31b4fe,base,,0x095ea7b3,,159504.6146,3,0.00%,
0x967da4048cd07ab37855c090aaf366e4ce1b9f48,eth,,0x095ea7b3,,41068.33,3,0.00%,
0xa856098dcbc1b2b3a9c96c35c32bc4f71e49aed2,bsc,,0x095ea7b3,,96641.17,3,0.00%,
0xfdf5acd92840e796955736b1bb9cc832740744ba,eth,,0xa22cb465,,67451.20333,3,0.00%,
0x43df266501dff4773f8f33179e3b96ab94dbc28d,arb,,0x095ea7b3,,10132474.3,3,0.00%,
0x6ab98d9e04cfb57c6b6e9800a5a43a9946a6523d,eth,,0x095ea7b3,,72609.5,3,0.00%,
0xe376a5d0344f2a652b1a2e055638f81ab7ca47bc,base,,0x095ea7b3,,481742.0867,3,0.00%,
0x1a652a2c9065465c1cca864bfd2a09cbf511c3a3,op,,0xf242432a,,3673.243333,3,0.00%,
0xd061d61a4d941c39e5453435b6345dc261c2fce0,eth,,0x6a627842,,5829826.85,3,0.00%,
0x772598e9e62155d7fdfe65fdf01eb5a53a8465be,arb,,0x695ef6bf,,409250.43,3,0.00%,
0xdbf75f82f9fc4fd4a8ba5c94e721fe6351896fbe,zksync,,0xb49004e9,,19090.81,3,0.00%,
0x8c6f28f2f1a3c87f0f938b96d27520d9751ec8d9,op,,0x23b872dd,,36466.64,3,0.00%,
0x9b6db7597a74602a5a806e33408e7e2dafa58193,eth,,0x095ea7b3,,145948.55,3,0.00%,
0xfc8a98c22a9e32948ab028414d67c62c49b16864,eth,,0xa22cb465,,303100.27,3,0.00%,
0xcd24ba0e3364233ee9301c1d608a14753c8739c5,eth,,0x095ea7b3,,330427.12,3,0.00%,
0xc2a81026e9698918923896cc46d706a7efab092d,eth,,0x02327c0a,,124140.685,3,0.00%,
0x217749d9017cb87712654422a1f5856aaa147b80,arb,,0xf756fa21,,4239316.713,3,0.00%,
0xf6bde3afeb26de1acff3ac4063f581bb7302e9cd,base,,0x8f0bc152,,61126.37667,3,0.00%,
0x111111111117dc0aa78b770fa6a738034120c302,eth,,0x095ea7b3,,203816.46,3,0.00%,
0x6f7353b59476dbd1de23d7113be7a7fbe6f343e5,arb,,0x24600fc3,,376701.29,3,0.00%,
0x8df5066cf67d909eb67b82854cf54026d31fffae,eth,,0x095ea7b3,,100715.63,3,0.00%,
0x48b6101128c0ed1e208b7c910e60542a2ee6f476,eth,,0x9a4896fe,,417160.75,3,0.00%,
0x1e6ee615adb41d8f07bdcf34889dab849d8a4130,eth,,0x1cff79cd,,11583606.6,3,0.00%,
0xa39a5f160a1952ddf38781bd76e402b0006912a9,base,,0xa4d73041,,36946.58,3,0.00%,
0xdc3326e71d45186f113a2f448984ca0e8d201995,matic,,0xa9059cbb,,24918.05,3,0.00%,
0xf01c994e79586eeef069d3603abae385d64df0e6,eth,,0xa694fc3a,,378173.38,3,0.00%,
0xfa35d1f603384e8fcfcbff3e610935d02922544e,eth,,0xba087652,,251779.36,3,0.00%,
0x92e586b8d4bf59f4001604209a292621c716539a,arb,,0xc9e0f27e,,180775.91,3,0.00%,
0x504752c0b64b437dcbdb9e67fb0462655069e306,eth,,0x02327c0a,,3747.77,3,0.00%,
0x86f39d51c06cac130ca59eabedc9233a49fcc22a,zksync,,0x40d097c3,,8402.25,3,0.00%,
0x717fc0d554c5e877400716ac1f5199bd8c3c23eb,eth,,0x8920f2c4,,22594.85,3,0.00%,
0xfc287513e2dd58fbf952eb0ed05d511591a6215b,eth,,0x2d2da806,,117207.11,3,0.00%,
0x3a23f943181408eac424116af7b7790c94cb97a5,avax,,0x0000000c,,5408.243333,3,0.00%,
0xb32c79a25291265ef240eb32e9fabbc6dcee3ce3,arb,,0xfe38c5e6,,107064.0867,3,0.00%,
0xd2cb35e060b4fd5d11e83dffe43f9c04b0dae8b9,arb,,0x1419e77b,,621.4140583,3,0.00%,
0xadde7028e7ec226777e5dea5d53f6457c21ec7d6,zksync,,0xc3540448,,2672.575,3,0.00%,
0xa062ae8a9c5e11aaa026fc2670b0d65ccc8b2858,op,,0xb7e0d4c0,,76676.61,3,0.00%,
0x5ebc127fae83ed5bdd91fc6a5f5767e259df5642,matic,,0x22bee494,,24758.39778,3,0.00%,
0x1446999b0b0e4f7ada6ee73f2ae12a2cfdc5d9e7,arb,,0xb72df5de,,197208.94,3,0.00%,
0x0b3e1e107dff3c7ceaaa1a29b96228b573a6d69f,eth,,0x23b872dd,,2302.46,3,0.00%,
0xc0f8c29e3a9a7650a3f642e467d70087819926d6,arb,,0xe2bbb158,,30362172.7,3,0.00%,
0x639a6501f62c4cf9761e57f1cc968a6918598890,arb,,0xc6f678bd,,473527.09,3,0.00%,
0x3a23f943181408eac424116af7b7790c94cb97a5,eth,,0x37c6145a,,24380.86442,3,0.00%,
0x1231deb6f5749ef6ce6943a275a1d3e7486f4eae,bsc,,0x83f31917,,102761.56,3,0.00%,
0x83f5b9c25cc8fce0a7d4a1bda904bf13cfcdd9da,eth,,0x095ea7b3,,94968.62333,3,0.00%,
0x7b4f475d32f9c65de1834a578859f9823be3c5cf,bsc,,0x40c10f19,,10137558.4,3,0.00%,
0x1da832b7aecd5e917df4657d34f7e2ad1f798b99,eth,,0xa22cb465,,78945.57,3,0.00%,
0x762eb51d2e779eeec9b239ffb0b2ec8262848f3e,base,,0xa9059cbb,,545522.25,3,0.00%,
0xc748673057861a797275cd8a068abb95a902e8de,bsc,,0x095ea7b3,,15699.33,3,0.00%,
0x8861f35b429fd0489c5d9adf60c1c0b59702cbd8,arb,,0xfb4d364c,,0,3,0.00%,
0xfe1d7f7a8f0bda6e415593a2e4f82c64b446d404,bsc,,0x095ea7b3,,45609.69,3,0.00%,
0x377541fc160dcc32125e38e353556e0e2743c7aa,base,,0x095ea7b3,,19829.79,3,0.00%,
0x747e550a7b848ace786c3cfe754aa78febc8a022,eth,,0x095ea7b3,,41014.595,3,0.00%,
0x33424c67679d0c9f500d12b21a1eb3b94ea3bc95,op,,0x434dcfba,,23422.14,3,0.00%,
0xa42bc1f611fbf787fc2b42ba9dc091463b742b72,matic,,0xebf5de96,,261187.5933,3,0.00%,
0x1231deb6f5749ef6ce6943a275a1d3e7486f4eae,arb,,0xd40e64cc,,52728.065,3,0.00%,
0x0851ad1bf43d3a61226af3e38d012e986c5d5c2a,arb,,0xa22cb465,,19506.5,3,0.00%,
0xbd6323a83b613f668687014e8a5852079494fb68,eth,,0xa9059cbb,,208782.42,3,0.00%,
0x9ce84f6a69986a83d92c324df10bc8e64771030f,eth,,0x095ea7b3,,22140.71333,3,0.00%,
0x9d6b8b6fb293c757e05073b84a583ecfaef8d8a7,base,,0x095ea7b3,,312872.56,3,0.00%,
0x4f1cdf43f5e407abd569878976960d4d0a3d3452,eth,,0x441a3e70,,5861641.92,3,0.00%,
0x00005ea00ac477b1030ce78506496e8c2de24bf5,base,,0x4b61cd6f,,57006.0375,3,0.00%,
0xf2ca18c660e0e03357d2a6eaffcb25f655a3019e,matic,,0x0962ef79,,2935958,3,0.00%,
0xd6c596b7ca17870dd50d322393dece6c2085a116,eth,,0xb79092fd,,166527.315,3,0.00%,
0x7d48d6d775fada207291b37e3eaa68cc865bf9eb,eth,,0xd279c191,,19021.075,3,0.00%,
0x2806f70ba0097e655fbb2cf9bc60466353ce3604,eth,,0xe0e716c4,,410901.9933,3,0.00%,
0x24e24277e2ff8828d5d2e278764ca258c22bd497,avax,,0x64617461,,8900.21,3,0.00%,
0x39621e4924dde4d19b84bdb3094bc9956e6480ae,eth,,0x095ea7b3,,31838.25333,3,0.00%,
0x49f095b38ee6d8541758af51c509332e7793d4b0,eth,,0x397ada21,,15185767.5,3,0.00%,
0xd85b5e176a30edd1915d6728faebd25669b60d8b,op,,0xe5585666,,23051.9625,3,0.00%,
0xb12600d06753df7c706225c901e6c1346a654d0b,arb,,0x2e1a7d4d,,5890407.76,3,0.00%,
0xca10e8825fa9f1db0651cd48a9097997dbf7615d,matic,,0xfd594a08,,28957.385,3,0.00%,
0xd97ebdd4a104e8336760c6350930a96a9a659a66,arb,,0xb1a34a8d,,84386.48,3,0.00%,
0x800a25741a414ea6e6e2b382435081a479a8cc3c,bsc,,0xa9059cbb,,371525.72,3,0.00%,
0x4a364f8c717caad9a442737eb7b8a55cc6cf18d8,linea,,0x441a3e70,,29496.95333,3,0.00%,
0xf03c1ce7698e0095ca2bd395861093c75be8870e,eth,,0x095ea7b3,,182217.2533,3,0.00%,
0x40ea7f6d6964413d4a26a0a268542dae9f55768e,arb,,0x095ea7b3,,469861.2267,3,0.00%,
0xc6459e36e1962ce4e2f783772732511bd82e1184,zksync,,0x7fc83eb4,,19257.86667,3,0.00%,
0x2b72867c32cf673f7b02d208b26889fed353b1f8,bsc,,0x095ea7b3,,96641.17,3,0.00%,
0x19af07b52e5faa0c2b1e11721c52aa23172fe2f5,eth,,0x095ea7b3,,1613.67738,3,0.00%,
0x049d68029688eabf473097a2fc38ef61633a3c7a,ftm,,0x095ea7b3,,791278.22,3,0.00%,
0x14c1b6f4ebbdf70af293e4a98dd7720304d5fdba,base,,0x095ea7b3,,45456.145,3,0.00%,
0x28b42698caf46b4b012cf38b6c75867e0762186d,op,,0x095ea7b3,,698106.845,3,0.00%,
0x53bf833a5d6c4dda888f69c22c88c9f356a41614,arb,,0x8f2e1d18,,502782.26,3,0.00%,
0xb0bb1eb0bb1e823d6effd2ed7fdb67a78995ae7c,base,,0xb510391f,,230617.68,3,0.00%,
0x8eeb952fea667a9fe9513617c2a6fe58cb192aac,op,,0x434dcfba,,10133039.75,3,0.00%,
0x34ed414fc0dc106afde510071ae3138313ba5feb,matic,,0xa22cb465,,23654.55,3,0.00%,
0x4e76c23fe2a4e37b5e07b5625e17098baab86c18,eth,,0x23b872dd,,2302.46,3,0.00%,
0x8731d54e9d02c286767d56ac03e8037c07e01e98,avax,,0xe2bbb158,,20238.302,3,0.00%,
0xa3c31927a092bd54eb9a0b5dfe01d9db5028bd4f,eth,,0x095ea7b3,,72038.52333,3,0.00%,
0xaf322c10333d27f47260fa94df1d2d74edaeee57,arb,,0x2c6cb53f,,105778.94,3,0.00%,
0x8f6e363022a5612003d62f2d29ac5ea6b37bb1e0,eth,,0x095ea7b3,,36766.73,3,0.00%,
0x31429d1856ad1377a8a0079410b297e1a9e214c2,eth,,0x095ea7b3,,4207255.237,3,0.00%,
0xa1da3c287741b576dfcd3adb354eeab2932595ca,eth,,0x095ea7b3,,209371.9333,3,0.00%,
0xa38b204ce561eb5af49614944e0129d9c8d43354,eth,,0xa22cb465,,100568.765,3,0.00%,
0x155f0dd04424939368972f4e1838687d6a831151,arb,,0x095ea7b3,,29730.22333,3,0.00%,
0xef62b433ca3ac8b151c4a255de3ed3da4e60add2,arb,,0x51905636,,27598.02,3,0.00%,
0xc0ffee8ff7e5497c2d6f7684859709225fcc5be8,eth,,0xa22cb465,,66813.015,3,0.00%,
0x8419f704cd6520e2c3ef477ef9bfa3159ea1aca7,arb,,0x47153f82,,47611.1489,3,0.00%,
0xa4871fee6118387959d4c935a91095c99081b7e5,eth,,0x23b872dd,,2302.46,3,0.00%,
0xfdb192fb0213d48ecdf580c1821008d8c46bdbd7,base,,0xa22cb465,,44922.87667,3,0.00%,
0x15d94ec1c8e98812dac23bf6a341bd6c83e4cb11,eth,,0x4e71d92d,,22283.40333,3,0.00%,
0xd07f76c7efca7793757db20512aca97cc81ac4bb,bsc,,0xc7a50eba,,1676.655,3,0.00%,
0xd6787ac04c1012558bd371ea39f943aebc1e5255,arb,,0x170018fe,,212383.9133,3,0.00%,
0x3a18dcc9745edcd1ef33ecb93b0b6eba5671e7ca,arb,,0x095ea7b3,,94174.855,3,0.00%,
0x9701a079c6e80d91ce4c464c4a996237a27fe537,base,,0xb6b55f25,,893930.84,3,0.00%,
0x85d84c774cf8e9ff85342684b0e795df72a24908,zksync,,0x095ea7b3,,50252.27667,3,0.00%,
0xe5095a9d6fe9573722706062eaafae422134cd33,zksync,,0xf0fc4ec1,,84386.48,3,0.00%,
0x36f4d96fe0d4eb33cdc2dc6c0bca15b9cdd0d648,eth,,0xa22cb465,,14090.76667,3,0.00%,
0x9c6d5a71fdd306329287a835e9b8edb7f0f17898,arb,,0xfe359a0d,,63327.8525,3,0.00%,
0xeed3c159f3a96ab8d41c8b9ca49ee1e5071a7cdd,avax,,0x6c75d6f5,,0,3,0.00%,
0x73fbd93bfda83b111ddc092aa3a4ca77fd30d380,bsc,,0x23b872dd,,36466.64,3,0.00%,
0x474ca8d19cbcd57e2ddf90c5a6b0841d250b9b96,eth,,0x1d02f109,,178011.79,3,0.00%,
0xa815e2ed7f7d5b0c49fda367f249232a1b9d2883,zksync,,0xac9650d8,,26449.645,3,0.00%,
0x5dadae23a9d4dffbb34a807f4f6c0784b3f9a1d4,bsc,,0x095ea7b3,,332257.27,3,0.00%,
0xa0c68c638235ee32657e8f720a23cec1bfc77c77,eth,,0x4faa8a26,,256995.7267,3,0.00%,
0xe238ecb42c424e877652ad82d8a939183a04c35f,matic,,0x095ea7b3,,68976.07,3,0.00%,
0x10ed43c718714eb63d5aa57b78b54704e256024e,bsc,,0xf305d719,,219218.79,3,0.00%,
0x0000000000c26fabfe894d13233d5ec73f61cc72,eth,,0x42842e0e,,29150.65,3,0.00%,
0x17aabf6838a6303fc6e9c5a227dc1eb6d95c829a,op,,0x095ea7b3,,116986.94,3,0.00%,
0x3a23f943181408eac424116af7b7790c94cb97a5,op,,0x0000018f,,5959.846667,3,0.00%,
0x3ac551725ac98c5dcdea197ceaae7cdb8a71a2b4,eth,,0x9e2c8a5b,,37177.405,3,0.00%,
0x6c0ab120dbd11ba701aff6748568311668f63fe0,matic,,0x095ea7b3,,12506.73,3,0.00%,
0xd60e94434310381575c5e67bb1d3e125133ad3ed,eth,,0xec89b85c,,1187.92,3,0.00%,
0x3a23f943181408eac424116af7b7790c94cb97a5,arb,,0x00000190,,20617.16667,3,0.00%,
0x00e1724885473b63bce08a9f0a52f35b0979e35a,base,,0x095ea7b3,,616233.8386,3,0.00%,
0xb5ce496d53d7440a5c18de9322b6837c9a518e21,base,,0x9dbb844d,,37262.63333,3,0.00%,
0xf9a42c357709dbb27c77109823d7f1641d86aee9,eth,,0xa22cb465,,16575.405,3,0.00%,
0xc32eb36f886f638fffd836df44c124074cfe3584,arb,,0xa22cb465,,1078623.927,3,0.00%,
0xd5a597d6e7ddf373a92c8f477daaa673b0902f48,op,,0xc2288147,,228699.049,3,0.00%,
0xb13172d12a8c27785c5d89d1e6df6f138f6a750d,arb,,0xbc157ac1,,0,3,0.00%,
0xe785e82358879f061bc3dcac6f0444462d4b5330,eth,,0xa22cb465,,73343.04,3,0.00%,
0xe012baf811cf9c05c408e879c399960d1f305903,eth,,0xa22cb465,,384312.795,3,0.00%,
0x56423a158caceee70e85222d25675d14d67f474b,matic,,0xa22cb465,,55196.04,3,0.00%,
0x2b7e22610db92169b87a27df1929c9315b59509f,eth,,0xe2bbb158,,72201.78333,3,0.00%,
0xa1d4657e0e6507d5a94d06da93e94dc7c8c44b51,eth,,0xa22cb465,,56174.83333,3,0.00%,
0x9d600c4b597e6d58cbce8cdb6d9f6a57d5af28c9,arb,,0x4b52f337,,139677.26,3,0.00%,
0xfc99f58a8974a4bc36e60e2d490bb8d72899ee9f,eth,,0x972250fe,,11499.76,3,0.00%,
0xba7bac71a8ee550d89b827fe6d67bc3dca07b104,matic,,0x46de55b2,,12359.7025,3,0.00%,
0x57a9151ece162ec7022276d5cac3bf7b21bff305,matic,,0x3183d9ef,,1126.4,3,0.00%,
0xdef1c0ded9bec7f1a1670819833240f027b25eff,matic,,0xa578efaf,,1146714.994,3,0.00%,
0xc0d4ceb216b3ba9c3701b291766fdcba977cec3a,eth,,0x095ea7b3,,363881.46,3,0.00%,
0xeb221e96cfbca5b91a4b6f5cd7c97a480df48b69,arb,,0x2a977d2d,,4669.64,3,0.00%,
0xfa35d1f603384e8fcfcbff3e610935d02922544e,eth,,0x095ea7b3,,251779.36,3,0.00%,
0x76b6466404e2ae5ed17d89469eb1784ecc34db1f,arb,,0x8914d655,,285218.93,3,0.00%,
0xebb95e5b6840717d4b6c548b7cef5450a940cfa4,eth,,0x1e83409a,,1508788.37,3,0.00%,
0xcd578f016888b57f1b1e3f887f392f0159e26747,matic,,0x095ea7b3,,206060.225,3,0.00%,
0xd23ac27148af6a2f339bd82d0e3cff380b5093de,eth,,0x095ea7b3,,164825.04,3,0.00%,
0x49048044d57e1c92a77f79988d21fa8faf74e97e,eth,,0x8c3152e9,,9926.02,3,0.00%,
0xb0e0698f196e16cd353d409fb19e3536076b7cae,eth,,0x62470758,,243645.9,3,0.00%,
0x8e16d46cb2da01cdd49601ec73d7b0344969ae33,base,,0xa9059cbb,,3252.085,3,0.00%,
0xb5a4598c316b9eab2efd5b713ccc4d14c9a3e14a,eth,,0x42842e0e,,19655.84,3,0.00%,
0x69460570c93f9de5e2edbc3052bf10125f0ca22d,bsc,,0xb17d0e6e,,60250.63529,3,0.00%,
0xc0dd9f05511eec7f3c9c755816e4a25caecde47a,eth,,0xa694fc3a,,30362172.7,3,0.00%,
0x7b7617c7b2236d7871741783cae8bcc222c2e05d,avax,,0x095ea7b3,,1362627.95,3,0.00%,
0xcb9295ac65de60373a25c18d2044d517ed5da8a9,arb,,0x095ea7b3,,41034.54,3,0.00%,
0xc8de46b3035cc723549892016d2449ea9f7fa0a5,arb,,0xa5b77b6b,,545522.25,3,0.00%,
0x932261f9fc8da46c4a22e31b45c4de60623848bf,eth,,0x1249c58b,,14112.98042,3,0.00%,
0x939727d85d99d0ac339bf1b76dfe30ca27c19067,arb,,0x095ea7b3,,975713.245,3,0.00%,
0xb6e8c7d12df9e2d6784f661b63466c4d77f57a2e,op,,0x095ea7b3,,197208.94,3,0.00%,
0xa07c5b74c9b40447a954e1466938b865b6bbea36,bsc,,0x4e4d9fea,,1006390.31,3,0.00%,
0x5b6897b81589af8c1be94fed0834cfb570475495,base,,0x42cccf08,,71880.94333,3,0.00%,
0xb6cf65f96b4b30fbd066a3ce51f75fdfd68ab042,base,,0xd5affd2c,,0,3,0.00%,
0x6b448aeb3bfd1dcbe337d59f6dee159daab52768,eth,,0x095ea7b3,,48429.59333,3,0.00%,
0x45a01e4e04f14f7a4a6702c74187c5f6222033cd,avax,,0xc4de93a5,,42005.625,3,0.00%,
0xf5264e1673c9365e7c5d4d1d8b440bbf131ff435,eth,,0x095ea7b3,,1613.67738,3,0.00%,
0x325b3e2c19f4900f8f4eb5f6872dc2715e77cbac,base,,0xa0712d68,,15226.82,3,0.00%,